X Y Z F R I
-2 -2 0 0.96665 0.965608 -0.0448674
-2 -1.9 0 0.950282 0.935551 0.166677
-2 -1.8 0 0.939201 0.863219 0.37007
-2 -1.7 0 0.935092 0.751558 0.556378
-2 -1.6 0 0.938588 0.605205 0.717409
-2 -1.5 0 0.949188 0.430277 0.846061
-2 -1.4 0 0.965451 0.234109 0.936637
-2 -1.3 0 0.985404 0.0249289 0.985088
-2 -1.2 0 1.00698 -0.188491 0.989184
-2 -1.1 0 1.02841 -0.397206 0.948608
-2 -1 0 1.04842 -0.59247 0.864961
-2 -0.9 0 1.0663 -0.766091 0.741689
-2 -0.8 0 1.08188 -0.910765 0.583924
-2 -0.7 0 1.09534 -1.02037 0.398263
-2 -0.6 0 1.10707 -1.09021 0.192483
-2 -0.5 0 1.1175 -1.11722 -0.0247913
-2 -0.4 0 1.12694 -1.10011 -0.24445
-2 -0.3 0 1.13552 -1.03938 -0.457277
-2 -0.2 0 1.14316 -0.93737 -0.654341
-2 -0.1 0 1.14959 -0.798137 -0.827365
-2 6.38378e-16 0 1.15438 -0.627294 -0.969074
-2 0.1 0 1.15709 -0.431791 -1.0735
-2 0.2 0 1.15728 -0.219626 -1.13625
-2 0.3 0 1.15466 0.000490635 -1.15466
-2 0.4 0 1.14909 0.219494 -1.12793
-2 0.5 0 1.14066 0.428349 -1.05718
-2 0.6 0 1.12967 0.618423 -0.945364
-2 0.7 0 1.11661 0.781858 -0.797195
-2 0.8 0 1.10209 0.911895 -0.618917
-2 0.9 0 1.0868 1.00317 -0.418063
-2 1 0 1.07138 1.05194 -0.203131
-2 1.1 0 1.05642 1.05628 0.016776
-2 1.2 0 1.04237 1.01614 0.23234
-2 1.3 0 1.02953 0.933383 0.434434
-2 1.4 0 1.01809 0.811709 0.614516
-2 1.5 0 1.00809 0.656508 0.765007
-2 1.6 0 0.999503 0.474626 0.879623
-2 1.7 0 0.992249 0.274065 0.95365
-2 1.8 0 0.986207 0.0636329 0.984152
-2 1.9 0 0.98124 -0.147443 0.9701
-1.9 -2 0 0.950268 0.935536 0.16668
-1.9 -1.9 0 0.940805 0.905339 0.25588
-1.9 -1.8 0 0.934019 0.833372 0.421762
-1.9 -1.7 0 0.934442 0.722573 0.592512
-1.9 -1.6 0 0.942988 0.577547 0.74543
-1.9 -1.5 0 0.958794 0.404357 0.869356
-1.9 -1.4 0 0.979903 0.210254 0.95708
-1.9 -1.3 0 1.00387 0.00335062 1.00387
-1.9 -1.2 0 1.02832 -0.207721 1.00712
-1.9 -1.1 0 1.05134 -0.41418 0.966313
-1.9 -1 0 1.07167 -0.607451 0.882885
-1.9 -0.9 0 1.0888 -0.779509 0.760159
-1.9 -0.8 0 1.10275 -0.923188 0.603151
-1.9 -0.7 0 1.114 -1.03247 0.418337
-1.9 -0.6 0 1.12316 -1.10271 0.213365
-1.9 -0.5 0 1.13084 -1.13083 -0.00326743
-1.9 -0.4 0 1.13748 -1.1155 -0.222577
-1.9 -0.3 0 1.14329 -1.05711 -0.435463
-1.9 -0.2 0 1.14818 -0.95787 -0.63309
-1.9 -0.1 0 1.15187 -0.821672 -0.807248
-1.9 6.38378e-16 0 1.1539 -0.653955 -0.950701
-1.9 0.1 0 1.1538 -0.461483 -1.05749
-1.9 0.2 0 1.1511 -0.25207 -1.12317
-1.9 0.3 0 1.14553 -0.0342567 -1.14501
-1.9 0.4 0 1.13697 0.183047 -1.12214
-1.9 0.5 0 1.12558 0.390929 -1.05551
-1.9 0.6 0 1.11175 0.580848 -0.947951
-1.9 0.7 0 1.0961 0.744988 -0.804004
-1.9 0.8 0 1.07935 0.876591 -0.629755
-1.9 0.9 0 1.06231 0.970241 -0.432585
-1.9 1 0 1.0457 1.02211 -0.220859
-1.9 1.1 0 1.03012 1.03011 -0.00357871
-1.9 1.2 0 1.016 0.994063 0.210013
-1.9 1.3 0 1.00359 0.915646 0.410827
-1.9 1.4 0 0.992941 0.7984 0.590329
-1.9 1.5 0 0.984019 0.647558 0.74092
-1.9 1.6 0 0.976694 0.469827 0.856267
-1.9 1.7 0 0.970796 0.273095 0.931593
-1.9 1.8 0 0.966142 0.0660814 0.963879
-1.9 1.9 0 0.962547 -0.142056 0.952006
-1.8 -2 0 0.939177 0.863188 0.370081
-1.8 -1.9 0 0.93401 0.833357 0.42177
-1.8 -1.8 0 0.933004 0.762934 0.537055
-1.8 -1.7 0 0.939309 0.654833 0.67342
-1.8 -1.6 0 0.953649 0.513598 0.803531
-1.8 -1.5 0 0.974793 0.345184 0.91163
-1.8 -1.4 0 1.00034 0.156687 0.987991
-1.8 -1.3 0 1.02747 -0.0439829 1.02653
-1.8 -1.2 0 1.05361 -0.248449 1.0239
-1.8 -1.1 0 1.07681 -0.448222 0.97909
-1.8 -1 0 1.09597 -0.635044 0.893239
-1.8 -0.9 0 1.11083 -0.801203 0.76942
-1.8 -0.8 0 1.12175 -0.939817 0.612427
-1.8 -0.7 0 1.12952 -1.04508 0.428508
-1.8 -0.6 0 1.13504 -1.1125 0.225075
-1.8 -0.5 0 1.1391 -1.13906 0.0103738
-1.8 -0.4 0 1.14227 -1.12338 -0.206863
-1.8 -0.3 0 1.14477 -1.06581 -0.417778
-1.8 -0.2 0 1.14651 -0.968398 -0.613753
-1.8 -0.1 0 1.14716 -0.834854 -0.786768
-1.8 6.38378e-16 0 1.14623 -0.670403 -0.929731
-1.8 0.1 0 1.14316 -0.481574 -1.03678
-1.8 0.2 0 1.1375 -0.275932 -1.10352
-1.8 0.3 0 1.12892 -0.0617687 -1.12723
-1.8 0.4 0 1.11737 0.152243 -1.10695
-1.8 0.5 0 1.10307 0.357404 -1.04357
-1.8 0.6 0 1.08652 0.545352 -0.939746
-1.8 0.7 0 1.06846 0.708401 -0.799865
-1.8 0.8 0 1.04979 0.839865 -0.629826
-1.8 0.9 0 1.03141 0.934336 -0.436826
-1.8 1 0 1.01413 0.987925 -0.229058
-1.8 1.1 0 0.99857 0.998452 -0.0153748
-1.8 1.2 0 0.98508 0.965568 0.195095
-1.8 1.3 0 0.973782 0.890802 0.393348
-1.8 1.4 0 0.964608 0.777524 0.570899
-1.8 1.5 0 0.957376 0.630811 0.720172
-1.8 1.6 0 0.951843 0.457231 0.834832
-1.8 1.7 0 0.947749 0.264551 0.910077
-1.8 1.8 0 0.944847 0.0613875 0.942851
-1.8 1.9 0 0.942914 -0.143187 0.931979
-1.7 -2 0 0.93507 0.751513 0.556403
-1.7 -1.9 0 0.934433 0.722544 0.592533
-1.7 -1.8 0 0.939309 0.65482 0.673434
-1.7 -1.7 0 0.951681 0.551222 0.77579
-1.7 -1.6 0 0.971624 0.416206 0.877967
-1.7 -1.5 0 0.997425 0.255579 0.964125
-1.7 -1.4 0 1.02628 0.0762228 1.02345
-1.7 -1.3 0 1.05512 -0.114241 1.04891
-1.7 -1.2 0 1.08124 -0.307799 1.0365
-1.7 -1.1 0 1.10278 -0.496397 0.98474
-1.7 -1 0 1.1189 -0.672258 0.894433
-1.7 -0.9 0 1.12971 -0.82816 0.768368
-1.7 -0.8 0 1.13601 -0.957661 0.61106
-1.7 -0.7 0 1.13897 -1.05531 0.428455
-1.7 -0.6 0 1.1398 -1.11684 0.227624
-1.7 -0.5 0 1.13947 -1.13935 0.0164426
-1.7 -0.4 0 1.1386 -1.12147 -0.196736
-1.7 -0.3 0 1.13742 -1.06347 -0.403428
-1.7 -0.2 0 1.13577 -0.967222 -0.595364
-1.7 -0.1 0 1.13325 -0.836242 -0.76483
-1.7 6.38378e-16 0 1.12929 -0.675489 -0.904991
-1.7 0.1 0 1.12327 -0.491195 -1.01018
-1.7 0.2 0 1.11468 -0.290607 -1.07613
-1.7 0.3 0 1.1032 -0.0816847 -1.10017
-1.7 0.4 0 1.0888 0.127227 -1.08134
-1.7 0.5 0 1.07177 0.32774 -1.02043
-1.7 0.6 0 1.05274 0.511769 -0.91998
-1.7 0.7 0 1.03262 0.67185 -0.784163
-1.7 0.8 0 1.01245 0.801447 -0.618665
-1.7 0.9 0 0.993328 0.895216 -0.430451
-1.7 1 0 0.976122 0.949242 -0.227495
-1.7 1.1 0 0.961419 0.961242 -0.0184554
-1.7 1.2 0 0.949448 0.930709 0.187701
-1.7 1.3 0 0.940143 0.858997 0.38209
-1.7 1.4 0 0.933243 0.749299 0.556321
-1.7 1.5 0 0.928393 0.606534 0.702872
-1.7 1.6 0 0.925222 0.437129 0.815447
-1.7 1.7 0 0.923388 0.248728 0.889258
-1.7 1.8 0 0.922592 0.0498343 0.921245
-1.7 1.9 0 0.922589 -0.150577 0.910218
-1.6 -2 0 0.938582 0.605146 0.71745
-1.6 -1.9 0 0.942995 0.577506 0.74547
-1.6 -1.8 0 0.953662 0.513573 0.803564
-1.6 -1.7 0 0.971637 0.416195 0.877986
-1.6 -1.6 0 0.99629 0.289726 0.953233
-1.6 -1.5 0 1.02542 0.139801 1.01585
-1.6 -1.4 0 1.05592 -0.0269571 1.05557
-1.6 -1.3 0 1.08451 -0.203278 1.06528
-1.6 -1.2 0 1.10848 -0.381615 1.04072
-1.6 -1.1 0 1.12615 -0.5545 0.980179
-1.6 -1 0 1.13704 -0.714837 0.884237
-1.6 -0.9 0 1.14178 -0.856113 0.755464
-1.6 -0.8 0 1.14173 -0.972534 0.598109
-1.6 -0.7 0 1.13856 -1.05915 0.41777
-1.6 -0.6 0 1.13376 -1.112 0.221087
-1.6 -0.5 0 1.12844 -1.12834 0.0154465
-1.6 -0.4 0 1.1232 -1.10679 -0.191319
-1.6 -0.3 0 1.11818 -1.04751 -0.391235
-1.6 -0.2 0 1.11313 -0.952201 -0.576511
-1.6 -0.1 0 1.1075 -0.824117 -0.739863
-1.6 6.38378e-16 0 1.10064 -0.667903 -0.874819
-1.6 0.1 0 1.09184 -0.489431 -0.976002
-1.6 0.2 0 1.08056 -0.29555 -1.03935
-1.6 0.3 0 1.06645 -0.0937994 -1.06231
-1.6 0.4 0 1.0495 0.107906 -1.04394
-1.6 0.5 0 1.03009 0.301597 -0.984953
-1.6 0.6 0 1.00899 0.479575 -0.887728
-1.6 0.7 0 0.987279 0.634708 -0.756218
-1.6 0.8 0 0.966265 0.760698 -0.595824
-1.6 0.9 0 0.947205 0.85232 -0.413216
-1.6 1 0 0.931067 0.905645 -0.216085
-1.6 1.1 0 0.918347 0.918257 -0.0128413
-1.6 1.2 0 0.909049 0.889449 0.187747
-1.6 1.3 0 0.902817 0.820356 0.376953
-1.6 1.4 0 0.899123 0.713975 0.5465
-1.6 1.5 0 0.897413 0.575058 0.688955
-1.6 1.6 0 0.897194 0.409898 0.798086
-1.6 1.7 0 0.898059 0.226017 0.869153
-1.6 1.8 0 0.899689 0.0318114 0.899126
-1.6 1.9 0 0.90184 -0.163853 0.88683
-1.5 -2 0 0.949213 0.430207 0.846124
-1.5 -1.9 0 0.958829 0.404307 0.869419
-1.5 -1.8 0 0.974833 0.345152 0.911685
-1.5 -1.7 0 0.997462 0.255563 0.964167
-1.5 -1.6 0 1.02545 0.139795 1.01587
-1.5 -1.5 0 1.05617 0.00331003 1.05617
-1.5 -1.4 0 1.08626 -0.147533 1.07619
-1.5 -1.3 0 1.11232 -0.305848 1.06945
-1.5 -1.2 0 1.13168 -0.46463 1.0319
-1.5 -1.1 0 1.14287 -0.617152 0.961911
-1.5 -1 0 1.14594 -0.757257 0.860077
-1.5 -0.9 0 1.14227 -0.879463 0.728915
-1.5 -0.8 0 1.13403 -0.978916 0.572492
-1.5 -0.7 0 1.12346 -1.05134 0.396052
-1.5 -0.6 0 1.11233 -1.09314 0.205704
-1.5 -0.5 0 1.10172 -1.10169 0.0081974
-1.5 -0.4 0 1.09209 -1.07556 -0.189308
-1.5 -0.3 0 1.08339 -1.01475 -0.379498
-1.5 -0.2 0 1.07517 -0.920731 -0.555195
-1.5 -0.1 0 1.06675 -0.796444 -0.709665
-1.5 6.38378e-16 0 1.05733 -0.646165 -0.836911
-1.5 0.1 0 1.04616 -0.475332 -0.931934
-1.5 0.2 0 1.0326 -0.29031 -0.990954
-1.5 0.3 0 1.01633 -0.0981194 -1.01158
-1.5 0.4 0 0.997338 0.0938632 -0.992911
-1.5 0.5 0 0.976086 0.278212 -0.935598
-1.5 0.6 0 0.953486 0.447747 -0.841819
-1.5 0.7 0 0.930877 0.595801 -0.715229
-1.5 0.8 0 0.909858 0.716435 -0.56086
-1.5 0.9 0 0.891967 0.804609 -0.384981
-1.5 1 0 0.878264 0.856363 -0.194914
-1.5 1.1 0 0.869055 0.869054 0.00123474
-1.5 1.2 0 0.863935 0.841657 0.19493
-1.5 1.3 0 0.862101 0.775 0.377615
-1.5 1.4 0 0.862677 0.671848 0.54114
-1.5 1.5 0 0.864907 0.536792 0.678172
-1.5 1.6 0 0.868209 0.376007 0.782563
-1.5 1.7 0 0.872163 0.196917 0.849643
-1.5 1.8 0 0.876477 0.00781719 0.876442
-1.5 1.9 0 0.880946 -0.182535 0.861828
-1.4 -2 0 0.965519 0.234031 0.936726
-1.4 -1.9 0 0.979978 0.210198 0.957169
-1.4 -1.8 0 1.00041 0.156652 0.988073
-1.4 -1.7 0 1.02635 0.0762047 1.02352
-1.4 -1.6 0 1.05597 -0.0269626 1.05562
-1.4 -1.5 0 1.08629 -0.147532 1.07622
-1.4 -1.4 0 1.1137 -0.279367 1.07809
-1.4 -1.3 0 1.13469 -0.415917 1.05571
-1.4 -1.2 0 1.14652 -0.550717 1.0056
-1.4 -1.1 0 1.14802 -0.677911 0.926496
-1.4 -1 0 1.13997 -0.792638 0.819307
-1.4 -0.9 0 1.12498 -0.891004 0.686798
-1.4 -0.8 0 1.10646 -0.969593 0.533059
-1.4 -0.7 0 1.08739 -1.02502 0.36298
-1.4 -0.6 0 1.06961 -1.05401 0.181986
-1.4 -0.5 0 1.05389 -1.05389 -0.00402774
-1.4 -0.4 0 1.0403 -1.02303 -0.188773
-1.4 -0.3 0 1.02845 -0.961209 -0.365759
-1.4 -0.2 0 1.01763 -0.869594 -0.528561
-1.4 -0.1 0 1.00699 -0.75076 -0.671116
-1.4 6.38378e-16 0 0.99563 -0.608544 -0.788006
-1.4 0.1 0 0.982696 -0.447873 -0.874701
-1.4 0.2 0 0.967538 -0.274536 -0.927772
-1.4 0.3 0 0.949794 -0.0949257 -0.945039
-1.4 0.4 0 0.929497 0.0842428 -0.925672
-1.4 0.5 0 0.907166 0.256223 -0.87023
-1.4 0.6 0 0.88387 0.414516 -0.780642
-1.4 0.7 0 0.861242 0.553108 -0.660158
-1.4 0.8 0 0.841323 0.666608 -0.513281
-1.4 0.9 0 0.826099 0.750281 -0.345714
-1.4 1 0 0.81677 0.800078 -0.16428
-1.4 1.1 0 0.813229 0.812895 0.0232832
-1.4 1.2 0 0.814303 0.78711 0.208681
-1.4 1.3 0 0.81849 0.723081 0.38351
-1.4 1.4 0 0.824509 0.623306 0.539727
-1.4 1.5 0 0.831465 0.492256 0.670088
-1.4 1.6 0 0.838788 0.336043 0.768531
-1.4 1.7 0 0.846133 0.162038 0.830473
-1.4 1.8 0 0.8533 -0.0215401 0.853028
-1.4 1.9 0 0.860172 -0.206032 0.835132
-1.3 -2 0 0.985519 0.0248464 0.985206
-1.3 -1.9 0 1.00399 0.00329344 1.00399
-1.3 -1.8 0 1.02759 -0.0440165 1.02664
-1.3 -1.7 0 1.05522 -0.114255 1.04901
-1.3 -1.6 0 1.08458 -0.203277 1.06536
-1.3 -1.5 0 1.11238 -0.305839 1.06951
-1.3 -1.4 0 1.13471 -0.415908 1.05574
-1.3 -1.3 0 1.14776 -0.527091 1.01957
-1.3 -1.2 0 1.14855 -0.63325 0.958205
-1.3 -1.1 0 1.13598 -0.729351 0.870923
-1.3 -1 0 1.11195 -0.812336 0.759302
-1.3 -0.9 0 1.08136 -0.881066 0.626945
-1.3 -0.8 0 1.04998 -0.934648 0.478437
-1.3 -0.7 0 1.02166 -0.970815 0.318293
-1.3 -0.6 0 0.997648 -0.986177 0.150855
-1.3 -0.5 0 0.977736 -0.977547 -0.0192195
-1.3 -0.4 0 0.961207 -0.942885 -0.186782
-1.3 -0.3 0 0.947193 -0.881601 -0.346346
-1.3 -0.2 0 0.934719 -0.794529 -0.492365
-1.3 -0.1 0 0.922757 -0.683816 -0.619578
-1.3 6.38378e-16 0 0.910314 -0.5528 -0.723246
-1.3 0.1 0 0.896502 -0.405802 -0.7994
-1.3 0.2 0 0.880657 -0.24793 -0.845037
-1.3 0.3 0 0.862418 -0.0848373 -0.858235
-1.3 0.4 0 0.84183 0.0775694 -0.838248
-1.3 0.5 0 0.819466 0.233367 -0.785535
-1.3 0.6 0 0.796527 0.376928 -0.701698
-1.3 0.7 0 0.774984 0.503166 -0.589426
-1.3 0.8 0 0.757542 0.607603 -0.452426
-1.3 0.9 0 0.747059 0.686135 -0.295493
-1.3 1 0 0.745061 0.734544 -0.124743
-1.3 1.1 0 0.750484 0.748646 0.0524934
-1.3 1.2 0 0.760568 0.725552 0.228118
-1.3 1.3 0 0.772744 0.664874 0.393797
-1.3 1.4 0 0.785421 0.568898 0.541517
-1.3 1.5 0 0.797792 0.442123 0.664078
-1.3 1.6 0 0.809498 0.290727 0.75549
-1.3 1.7 0 0.820404 0.122108 0.811266
-1.3 1.8 0 0.83048 -0.0555444 0.828621
-1.3 1.9 0 0.83975 -0.233656 0.806589
-1.2 -2 0 1.00714 -0.188574 0.989333
-1.2 -1.9 0 1.02848 -0.207775 1.00727
-1.2 -1.8 0 1.05376 -0.248475 1.02404
-1.2 -1.7 0 1.08136 -0.307802 1.03663
-1.2 -1.6 0 1.10858 -0.3816 1.04083
-1.2 -1.5 0 1.13175 -0.464605 1.03199
-1.2 -1.4 0 1.14656 -0.550691 1.00566
-1.2 -1.3 0 1.14856 -0.633231 0.958235
-1.2 -1.2 0 1.13383 -0.705729 0.887422
-1.2 -1.1 0 1.10046 -0.763148 0.792852
-1.2 -1 0 1.05157 -0.80458 0.677083
-1.2 -0.9 0 0.997511 -0.834791 0.546033
-1.2 -0.8 0 0.949762 -0.858502 0.406229
-1.2 -0.7 0 0.912625 -0.874351 0.261526
-1.2 -0.6 0 0.884365 -0.877007 0.113843
-1.2 -0.5 0 0.862354 -0.86168 -0.0340787
-1.2 -0.4 0 0.84468 -0.825591 -0.17856
-1.2 -0.3 0 0.830054 -0.767834 -0.315309
-1.2 -0.2 0 0.817279 -0.688936 -0.439673
-1.2 -0.1 0 0.805199 -0.59049 -0.547418
-1.2 6.38378e-16 0 0.792868 -0.475362 -0.634563
-1.2 0.1 0 0.779342 -0.347104 -0.697777
-1.2 0.2 0 0.764053 -0.209988 -0.734631
-1.2 0.3 0 0.746646 -0.0688828 -0.743462
-1.2 0.4 0 0.727142 0.0714059 -0.723628
-1.2 0.5 0 0.706204 0.20584 -0.67554
-1.2 0.6 0 0.685003 0.329856 -0.600353
-1.2 0.7 0 0.665856 0.43968 -0.500046
-1.2 0.8 0 0.652435 0.532428 -0.377084
-1.2 0.9 0 0.649607 0.605825 -0.234448
-1.2 1 0 0.660151 0.655622 -0.0771939
-1.2 1.1 0 0.68033 0.674661 0.0876389
-1.2 1.2 0 0.703559 0.656888 0.251979
-1.2 1.3 0 0.725999 0.600958 0.407337
-1.2 1.4 0 0.74642 0.509436 0.545544
-1.2 1.5 0 0.764667 0.387264 0.659349
-1.2 1.6 0 0.780904 0.240928 0.742809
-1.2 1.7 0 0.795368 0.0779754 0.791537
-1.2 1.8 0 0.808286 -0.093379 0.802874
-1.2 1.9 0 0.819857 -0.264627 0.775975
-1.1 -2 0 1.02861 -0.397287 0.948791
-1.1 -1.9 0 1.05152 -0.414227 0.966498
-1.1 -1.8 0 1.07698 -0.448236 0.979269
-1.1 -1.7 0 1.10292 -0.496383 0.984906
-1.1 -1.6 0 1.12626 -0.554464 0.980325
-1.1 -1.5 0 1.14294 -0.617103 0.96203
-1.1 -1.4 0 1.14806 -0.677858 0.926585
-1.1 -1.3 0 1.136 -0.729305 0.870981
-1.1 -1.2 0 1.10046 -0.76312 0.792879
-1.1 -1.1 0 1.03509 -0.770708 0.690955
-1.1 -1 0 0.939866 -0.749312 0.567346
-1.1 -0.9 0 0.842428 -0.72124 0.435314
-1.1 -0.8 0 0.773762 -0.709181 0.309467
-1.1 -0.7 0 0.733476 -0.708106 0.191241
-1.1 -0.6 0 0.706533 -0.702695 0.0735491
-1.1 -0.5 0 0.686503 -0.685194 -0.0423787
-1.1 -0.4 0 0.670418 -0.652317 -0.154731
-1.1 -0.3 0 0.65739 -0.6033 -0.261134
-1.1 -0.2 0 0.646326 -0.539189 -0.356389
-1.1 -0.1 0 0.635616 -0.4596 -0.439063
-1.1 6.38378e-16 0 0.625209 -0.368255 -0.505247
-1.1 0.1 0 0.613466 -0.267035 -0.552298
-1.1 0.2 0 0.600495 -0.158728 -0.579137
-1.1 0.3 0 0.58595 -0.0487727 -0.583917
-1.1 0.4 0 0.569333 0.0614071 -0.566012
-1.1 0.5 0 0.552161 0.166315 -0.526518
-1.1 0.6 0 0.53455 0.2629 -0.465432
-1.1 0.7 0 0.519311 0.349422 -0.384171
-1.1 0.8 0 0.510909 0.424504 -0.284296
-1.1 0.9 0 0.519386 0.493334 -0.162431
-1.1 1 0 0.554585 0.554117 -0.0227831
-1.1 1.1 0 0.60251 0.588991 0.126915
-1.1 1.2 0 0.645035 0.581803 0.278524
-1.1 1.3 0 0.679893 0.53254 0.422676
-1.1 1.4 0 0.708676 0.446118 0.550636
-1.1 1.5 0 0.732859 0.328784 0.654968
-1.1 1.6 0 0.753498 0.187666 0.729754
-1.1 1.7 0 0.771334 0.0305932 0.770727
-1.1 1.8 0 0.7869 -0.134144 0.775382
-1.1 1.9 0 0.800594 -0.298093 0.743028
-1 -2 0 1.04864 -0.592544 0.865179
-1 -1.9 0 1.07187 -0.607485 0.883106
-1 -1.8 0 1.09615 -0.63504 0.893453
-1 -1.7 0 1.11904 -0.672222 0.894632
-1 -1.6 0 1.13714 -0.714774 0.884414
-1 -1.5 0 1.146 -0.757176 0.860226
-1 -1.4 0 1.14 -0.792551 0.819424
-1 -1.3 0 1.11194 -0.812253 0.759385
-1 -1.2 0 1.05155 -0.804514 0.677133
-1 -1.1 0 0.93985 -0.749274 0.567367
-1 -1 0 0.702738 -0.574055 0.405341
-1 -0.9 0 0.466734 -0.398448 0.243064
-1 -0.8 0 0.375399 -0.347745 0.141414
-1 -0.7 0 0.383705 -0.368926 0.105465
-1 -0.6 0 0.368368 -0.366774 0.034241
-1 -0.5 0 0.360154 -0.359411 -0.0231167
-1 -0.4 0 0.350234 -0.341466 -0.0778792
-1 -0.3 0 0.341164 -0.309336 -0.14389
-1 -0.2 0 0.338935 -0.286834 -0.180564
-1 -0.1 0 0.329463 -0.235579 -0.230322
-1 6.38378e-16 0 0.326857 -0.191974 -0.26454
-1 0.1 0 0.318879 -0.142005 -0.285514
-1 0.2 0 0.310663 -0.0742111 -0.301669
-1 0.3 0 0.306727 -0.0334293 -0.3049
-1 0.4 0 0.293652 0.0351457 -0.291541
-1 0.5 0 0.288051 0.0874598 -0.274453
-1 0.6 0 0.277059 0.133538 -0.242754
-1 0.7 0 0.267544 0.185268 -0.193017
-1 0.8 0 0.261927 0.204928 -0.163126
-1 0.9 0 0.277385 0.267525 -0.0732992
-1 1 0 0.392117 0.390071 0.0400065
-1 1.1 0 0.520479 0.492824 0.167399
-1 1.2 0 0.588597 0.503161 0.30541
-1 1.3 0 0.636531 0.461788 0.43809
-1 1.4 0 0.673349 0.380567 0.555489
-1 1.5 0 0.703009 0.267989 0.649926
-1 1.6 0 0.727626 0.13207 0.71554
-1 1.7 0 0.748478 -0.0190129 0.748236
-1 1.8 0 0.766401 -0.176883 0.74571
-1 1.9 0 0.781981 -0.333155 0.707461
-0.9 -2 0 1.06652 -0.766155 0.741942
-0.9 -1.9 0 1.08899 -0.779526 0.760416
-0.9 -1.8 0 1.11098 -0.801177 0.76967
-0.9 -1.7 0 1.12982 -0.828095 0.768601
-0.9 -1.6 0 1.14184 -0.856016 0.755672
-0.9 -1.5 0 1.14229 -0.879344 0.729091
-0.9 -1.4 0 1.12496 -0.890874 0.686938
-0.9 -1.3 0 1.08131 -0.880938 0.627048
-0.9 -1.2 0 0.997455 -0.83468 0.5461
-0.9 -1.1 0 0.842378 -0.721159 0.435351
-0.9 -1 0 0.466706 -0.398406 0.243078
-0.9 -0.9 0 0.0998384 -0.0817619 0.0572949
-0.9 -0.8 0 0.0178429 0.00238473 -0.0176828
-0.9 -0.7 0 0.0526442 -0.0449574 0.0273906
-0.9 -0.6 0 0.0486399 -0.0486397 -0.000156923
-0.9 -0.5 0 0.0527919 -0.0527377 -0.00239162
-0.9 -0.4 0 0.0501679 -0.050061 -0.0032741
-0.9 -0.3 0 0.0473193 -0.0342801 -0.0326188
-0.9 -0.2 0 0.0539673 -0.0520034 -0.0144261
-0.9 -0.1 0 0.0438434 -0.0270397 -0.0345123
-0.9 6.38378e-16 0 0.0487737 -0.0284231 -0.0396358
-0.9 0.1 0 0.0453694 -0.0264835 -0.0368376
-0.9 0.2 0 0.0439553 0.00434798 -0.0437397
-0.9 0.3 0 0.0503557 -0.0201538 -0.0461467
-0.9 0.4 0 0.0387426 0.0105775 -0.0372707
-0.9 0.5 0 0.0439736 0.0139702 -0.0416954
-0.9 0.6 0 0.0399936 0.0128465 -0.0378742
-0.9 0.7 0 0.0368007 0.0323117 -0.0176138
-0.9 0.8 0 0.0551458 -0.00201842 -0.0551089
-0.9 0.9 0 0.0538971 0.0536048 0.0056051
-0.9 1 0 0.253573 0.234775 0.0958104
-0.9 1.1 0 0.450356 0.401638 0.203735
-0.9 1.2 0 0.539381 0.426781 0.329832
-0.9 1.3 0 0.597901 0.391639 0.451779
-0.9 1.4 0 0.641292 0.314635 0.558802
-0.9 1.5 0 0.675485 0.206265 0.643223
-0.9 1.6 0 0.703431 0.0753021 0.699389
-0.9 1.7 0 0.726829 -0.0697974 0.72347
-0.9 1.8 0 0.74676 -0.220622 0.713426
-0.9 1.9 0 0.76396 -0.368891 0.668995
-0.8 -2 0 1.08208 -0.910815 0.584213
-0.8 -1.9 0 1.10291 -0.923186 0.603443
-0.8 -1.8 0 1.12186 -0.939764 0.61271
-0.8 -1.7 0 1.13606 -0.957562 0.611325
-0.8 -1.6 0 1.14174 -0.972397 0.598345
-0.8 -1.5 0 1.13399 -0.978752 0.572693
-0.8 -1.4 0 1.10638 -0.969414 0.533218
-0.8 -1.3 0 1.04988 -0.934468 0.478554
-0.8 -1.2 0 0.949648 -0.858339 0.406307
-0.8 -1.1 0 0.773661 -0.709052 0.309511
-0.8 -1 0 0.375334 -0.347667 0.141433
-0.8 -0.9 0 0.0178408 0.00241131 -0.0176771
-0.8 -0.8 0 0.128162 0.105751 -0.072403
-0.8 -0.7 0 0.063051 0.0620743 -0.0110545
-0.8 -0.6 0 0.0615538 0.0583905 -0.0194789
-0.8 -0.5 0 0.0530982 0.0530343 -0.00260432
-0.8 -0.4 0 0.0541632 0.0520053 0.0151362
-0.8 -0.3 0 0.0612448 0.061139 0.00359785
-0.8 -0.2 0 0.0498649 0.0342392 0.0362516
-0.8 -0.1 0 0.0560824 0.0471205 0.030412
-0.8 6.38378e-16 0 0.0477464 0.0320733 0.0353697
-0.8 0.1 0 0.0487963 0.0184863 0.0451591
-0.8 0.2 0 0.0542654 0.0323093 0.0435987
-0.8 0.3 0 0.0429149 -0.00826669 0.0421112
-0.8 0.4 0 0.0492605 0.00482006 0.0490241
-0.8 0.5 0 0.0402262 -0.00783457 0.0394558
-0.8 0.6 0 0.0419731 -0.0239403 0.0344761
-0.8 0.7 0 0.0464368 -0.0188485 0.0424396
-0.8 0.8 0 0.0636591 -0.0631067 -0.00836814
-0.8 0.9 0 0.0434662 -0.0137708 0.0412272
-0.8 1 0 0.20734 0.164238 0.126553
-0.8 1.1 0 0.403421 0.330854 0.230834
-0.8 1.2 0 0.50025 0.357941 0.349469
-0.8 1.3 0 0.56488 0.324668 0.462255
-0.8 1.4 0 0.612758 0.249964 0.559456
-0.8 1.5 0 0.650311 0.144872 0.633969
-0.8 1.6 0 0.680842 0.0184536 0.680592
-0.8 1.7 0 0.70628 -0.120755 0.69588
-0.8 1.8 0 0.727858 -0.264406 0.678134
-0.8 1.9 0 0.746417 -0.40439 0.627381
-0.7 -2 0 1.09549 -1.0204 0.398588
-0.7 -1.9 0 1.1141 -1.03244 0.418663
-0.7 -1.8 0 1.12956 -1.045 0.428825
-0.7 -1.7 0 1.13895 -1.05517 0.42875
-0.7 -1.6 0 1.13849 -1.05897 0.418032
-0.7 -1.5 0 1.12334 -1.05112 0.396273
-0.7 -1.4 0 1.08723 -1.02479 0.363155
-0.7 -1.3 0 1.02148 -0.970578 0.318419
-0.7 -1.2 0 0.912438 -0.874131 0.261606
-0.7 -1.1 0 0.733315 -0.707928 0.191283
-0.7 -1 0 0.383623 -0.368836 0.105486
-0.7 -0.9 0 0.0526471 -0.0449544 0.0274011
-0.7 -0.8 0 0.0630211 0.0620447 -0.0110505
-0.7 -0.7 0 0.0132 0.00711345 0.0111193
-0.7 -0.6 0 0.00350971 0.00273232 0.00220284
-0.7 -0.5 0 0.00967227 0.000810077 0.00963829
-0.7 -0.4 0 0.0181829 0.00231173 0.0180353
-0.7 -0.3 0 0.0140083 0.0113915 0.0081527
-0.7 -0.2 0 0.0178093 -0.00556682 0.0169169
-0.7 -0.1 0 0.014927 0.00619411 0.0135812
-0.7 6.38378e-16 0 0.00743002 0.000226731 0.00742656
-0.7 0.1 0 0.0072101 -0.0052218 0.00497175
-0.7 0.2 0 0.00910465 0.00716108 0.00562258
-0.7 0.3 0 0.0100067 -0.00964511 -0.00266573
-0.7 0.4 0 0.00394363 0.00142067 0.00367884
-0.7 0.5 0 0.00118432 0.000225769 -0.0011626
-0.7 0.6 0 0.00490239 -0.00400936 -0.00282107
-0.7 0.7 0 0.00412477 -0.000269675 0.00411594
-0.7 0.8 0 0.0396514 -0.0228693 -0.0323919
-0.7 0.9 0 0.0271531 0.0200601 0.0182999
-0.7 1 0 0.198395 0.154651 0.124272
-0.7 1.1 0 0.373252 0.278529 0.248473
-0.7 1.2 0 0.469857 0.297606 0.363587
-0.7 1.3 0 0.536945 0.262013 0.468678
-0.7 1.4 0 0.58741 0.187596 0.556649
-0.7 1.5 0 0.627212 0.0847812 0.621456
-0.7 1.6 0 0.659622 -0.0375436 0.658552
-0.7 1.7 0 0.686625 -0.170973 0.664998
-0.7 1.8 0 0.70952 -0.307338 0.639502
-0.7 1.9 0 0.729203 -0.438775 0.582421
-0.6 -2 0 1.10715 -1.09023 0.192843
-0.6 -1.9 0 1.12318 -1.10266 0.213726
-0.6 -1.8 0 1.13499 -1.11238 0.225424
-0.6 -1.7 0 1.13969 -1.11666 0.227947
-0.6 -1.6 0 1.1336 -1.11177 0.221373
-0.6 -1.5 0 1.11211 -1.09288 0.205943
-0.6 -1.4 0 1.06935 -1.05372 0.182171
-0.6 -1.3 0 0.997372 -0.985878 0.150984
-0.6 -1.2 0 0.884096 -0.876726 0.113919
-0.6 -1.1 0 0.706304 -0.702461 0.0735807
-0.6 -1 0 0.368242 -0.366646 0.0342499
-0.6 -0.9 0 0.0486171 -0.0486169 -0.000158195
-0.6 -0.8 0 0.0615399 0.0583731 -0.019487
-0.6 -0.7 0 0.00351082 0.00274211 0.00219241
-0.6 -0.6 0 0.0101073 -0.00271916 -0.00973463
-0.6 -0.5 0 0.0125245 -0.00710877 -0.0103116
-0.6 -0.4 0 0.0127498 -0.00812457 -0.00982587
-0.6 -0.3 0 0.0221344 0.00123649 -0.0220999
-0.6 -0.2 0 0.0191514 -0.0122524 -0.0147192
-0.6 -0.1 0 0.0129372 0.00194158 -0.0127906
-0.6 6.38378e-16 0 0.0117892 -4.95068e-06 -0.0117891
-0.6 0.1 0 0.00792296 -0.0023558 -0.00756462
-0.6 0.2 0 0.0105198 0.0104288 -0.00138073
-0.6 0.3 0 0.00889558 -0.00438202 -0.0077414
-0.6 0.4 0 0.00560994 0.00560204 -0.000297728
-0.6 0.5 0 0.00587911 0.00480162 -0.0033924
-0.6 0.6 0 0.00406673 0.00108364 -0.0039197
-0.6 0.7 0 0.00509871 0.00374878 0.00345594
-0.6 0.8 0 0.0361203 -0.0188129 -0.0308342
-0.6 0.9 0 0.0268799 0.0159502 0.0216361
-0.6 1 0 0.186465 0.130831 0.132863
-0.6 1.1 0 0.351007 0.234792 0.260919
-0.6 1.2 0 0.44535 0.243669 0.372776
-0.6 1.3 0 0.51289 0.203484 0.470797
-0.6 1.4 0 0.564588 0.127936 0.549902
-0.6 1.5 0 0.605756 0.0266248 0.605171
-0.6 1.6 0 0.639457 -0.0919497 0.632811
-0.6 1.7 0 0.667626 -0.219655 0.630457
-0.6 1.8 0 0.691562 -0.348597 0.597275
-0.6 1.9 0 0.712176 -0.471224 0.533988
-0.5 -2 0 1.11749 -1.11722 -0.0243986
-0.5 -1.9 0 1.13076 -1.13076 -0.00287409
-0.5 -1.8 0 1.13896 -1.13891 0.0107527
-0.5 -1.7 0 1.13926 -1.13913 0.0167925
-0.5 -1.6 0 1.12817 -1.12806 0.0157541
-0.5 -1.5 0 1.1014 -1.10137 0.0084512
-0.5 -1.4 0 1.05354 -1.05353 -0.00383569
-0.5 -1.3 0 0.977369 -0.977183 -0.0190927
-0.5 -1.2 0 0.862005 -0.861333 -0.0340142
-0.5 -1.1 0 0.686212 -0.684903 -0.0423635
-0.5 -1 0 0.36 -0.359258 -0.0231103
-0.5 -0.9 0 0.0527748 -0.0527211 -0.00238106
-0.5 -0.8 0 0.0530635 0.0530001 -0.00259236
-0.5 -0.7 0 0.00974688 0.000777488 0.00971582
-0.5 -0.6 0 0.0124844 -0.00714368 -0.0102385
-0.5 -0.5 0 0.0574209 -0.0304135 -0.048705
-0.5 -0.4 0 0.0994214 -0.0499084 -0.0859871
-0.5 -0.3 0 0.112593 -0.0400405 -0.105233
-0.5 -0.2 0 0.109409 -0.0381315 -0.10255
-0.5 -0.1 0 0.0924377 -0.0182298 -0.0906223
-0.5 6.38378e-16 0 0.0610049 -0.00693193 -0.0606098
-0.5 0.1 0 0.0283922 0.0028135 -0.0282525
-0.5 0.2 0 0.0203841 0.0161289 -0.0124648
-0.5 0.3 0 0.0148032 1.49673e-05 -0.0148032
-0.5 0.4 0 0.0106263 0.00818079 -0.00678183
-0.5 0.5 0 0.010026 0.00656109 -0.00758111
-0.5 0.6 0 0.00636561 0.00221611 -0.0059674
-0.5 0.7 0 0.00460495 0.00439746 0.00136671
-0.5 0.8 0 0.0346168 -0.0129056 -0.0321211
-0.5 0.9 0 0.0257576 0.0147496 0.0211164
-0.5 1 0 0.176693 0.110738 0.137686
-0.5 1.1 0 0.332889 0.195262 0.269607
-0.5 1.2 0 0.42456 0.193968 0.377661
-0.5 1.3 0 0.491548 0.148383 0.468617
-0.5 1.4 0 0.543609 0.0710002 0.538953
-0.5 1.5 0 0.5855 -0.0292231 0.58477
-0.5 1.6 0 0.62004 -0.144196 0.60304
-0.5 1.7 0 0.649062 -0.266122 0.591997
-0.5 1.8 0 0.673824 -0.387446 0.551294
-0.5 1.9 0 0.695225 -0.500978 0.482036
-0.4 -2 0 1.12683 -1.10009 -0.244025
-0.4 -1.9 0 1.13731 -1.1154 -0.222152
-0.4 -1.8 0 1.14202 -1.1232 -0.206455
-0.4 -1.7 0 1.13828 -1.12122 -0.196361
-0.4 -1.6 0 1.12283 -1.10646 -0.190991
-0.4 -1.5 0 1.09167 -1.07518 -0.189041
-0.4 -1.4 0 1.03986 -1.02262 -0.188577
-0.4 -1.3 0 0.960761 -0.942454 -0.186661
-0.4 -1.2 0 0.844265 -0.825177 -0.178511
-0.4 -1.1 0 0.670077 -0.651966 -0.154738
-0.4 -1 0 0.350056 -0.341283 -0.0778829
-0.4 -0.9 0 0.0501506 -0.0500443 -0.00326368
-0.4 -0.8 0 0.0541275 0.0519658 0.0151443
-0.4 -0.7 0 0.0182847 0.00226298 0.0181441
-0.4 -0.6 0 0.0127477 -0.00813305 -0.00981613
-0.4 -0.5 0 0.0995526 -0.0498206 -0.0861895
-0.4 -0.4 0 0.18329 -0.0873162 -0.161155
-0.4 -0.3 0 0.202116 -0.0770469 -0.186855
-0.4 -0.2 0 0.196798 -0.0607481 -0.187188
-0.4 -0.1 0 0.165301 -0.0377172 -0.160941
-0.4 6.38378e-16 0 0.0948771 -0.0181421 -0.0931264
-0.4 0.1 0 0.0255841 -0.000573774 -0.0255777
-0.4 0.2 0 0.0132144 0.0130046 -0.00234542
-0.4 0.3 0 0.00916215 -0.00228432 -0.00887281
-0.4 0.4 0 0.00838632 0.005681 -0.006169
-0.4 0.5 0 0.00910167 0.00468464 -0.0078035
-0.4 0.6 0 0.00634827 0.00139776 -0.00619248
-0.4 0.7 0 0.00411077 0.00411007 -7.59878e-05
-0.4 0.8 0 0.0343448 -0.00758545 -0.0334967
-0.4 0.9 0 0.0239296 0.0135527 0.0197218
-0.4 1 0 0.16785 0.0919356 0.140433
-0.4 1.1 0 0.317267 0.158217 0.275001
-0.4 1.2 0 0.406149 0.147138 0.378559
-0.4 1.3 0 0.472044 0.0960596 0.462167
-0.4 1.4 0 0.523913 0.0166718 0.523648
-0.4 1.5 0 0.56608 -0.0825318 0.560031
-0.4 1.6 0 0.601132 -0.193833 0.569024
-0.4 1.7 0 0.630778 -0.309791 0.549464
-0.4 1.8 0 0.656212 -0.423222 0.501495
-0.4 1.9 0 0.678297 -0.527343 0.42661
-0.3 -2 0 1.13531 -1.03935 -0.456822
-0.3 -1.9 0 1.143 -1.05699 -0.435008
-0.3 -1.8 0 1.14441 -1.0656 -0.417342
-0.3 -1.7 0 1.137 -1.06317 -0.403028
-0.3 -1.6 0 1.11771 -1.04714 -0.390888
-0.3 -1.5 0 1.08289 -1.01431 -0.379219
-0.3 -1.4 0 1.02793 -0.96073 -0.365559
-0.3 -1.3 0 0.946688 -0.881103 -0.346232
-0.3 -1.2 0 0.829596 -0.767353 -0.315277
-0.3 -1.1 0 0.657023 -0.602886 -0.261166
-0.3 -1 0 0.34097 -0.309109 -0.143917
-0.3 -0.9 0 0.0472973 -0.0342346 -0.0326348
-0.3 -0.8 0 0.0612315 0.0611276 0.00356565
-0.3 -0.7 0 0.0140222 0.0113875 0.00818216
-0.3 -0.6 0 0.0224168 0.00136381 -0.0223752
-0.3 -0.5 0 0.113289 -0.0396354 -0.106129
-0.3 -0.4 0 0.203077 -0.0764757 -0.188127
-0.3 -0.3 0 0.224299 -0.0659271 -0.214392
-0.3 -0.2 0 0.215248 -0.0495808 -0.20946
-0.3 -0.1 0 0.168171 -0.0317583 -0.165146
-0.3 6.38378e-16 0 0.0533782 -0.0347569 -0.0405117
-0.3 0.1 0 0.0881263 -0.0387584 0.0791457
-0.3 0.2 0 0.0983079 -0.0234335 0.0954741
-0.3 0.3 0 0.0422808 -0.0215054 0.036403
-0.3 0.4 0 0.0220876 -0.0105148 0.0194242
-0.3 0.5 0 0.0116045 -0.00660411 0.00954204
-0.3 0.6 0 0.00297745 -0.00148036 0.00258336
-0.3 0.7 0 0.00639485 0.00318522 0.00554514
-0.3 0.8 0 0.0299243 -0.00956434 -0.0283546
-0.3 0.9 0 0.0247031 0.00464386 0.0242626
-0.3 1 0 0.160743 0.06998 0.144711
-0.3 1.1 0 0.303341 0.122658 0.277436
-0.3 1.2 0 0.3893 0.102386 0.375594
-0.3 1.3 0 0.453783 0.0460618 0.451439
-0.3 1.4 0 0.50511 -0.0351486 0.503886
-0.3 1.5 0 0.547256 -0.133121 0.530818
-0.3 1.6 0 0.582595 -0.240479 0.530648
-0.3 1.7 0 0.612708 -0.350144 0.502803
-0.3 1.8 0 0.63871 -0.45533 0.447911
-0.3 1.9 0 0.661414 -0.549689 0.367845
-0.2 -2 0 1.14286 -0.937332 -0.653856
-0.2 -1.9 0 1.1478 -0.957734 -0.632605
-0.2 -1.8 0 1.14606 -0.968163 -0.613289
-0.2 -1.7 0 1.13527 -0.966894 -0.594939
-0.2 -1.6 0 1.11258 -0.951788 -0.576144
-0.2 -1.5 0 1.0746 -0.920247 -0.554902
-0.2 -1.4 0 1.01707 -0.869058 -0.528356
-0.2 -1.3 0 0.934185 -0.793969 -0.492256
-0.2 -1.2 0 0.81681 -0.688389 -0.439657
-0.2 -1.1 0 0.645962 -0.538717 -0.356443
-0.2 -1 0 0.338741 -0.286598 -0.180574
-0.2 -0.9 0 0.0539512 -0.0519959 -0.0143929
-0.2 -0.8 0 0.0498438 0.0341786 0.0362798
-0.2 -0.7 0 0.0181603 -0.00571498 0.0172376
-0.2 -0.6 0 0.0192557 -0.0121728 -0.0149199
-0.2 -0.5 0 0.11049 -0.0375186 -0.103925
-0.2 -0.4 0 0.199785 -0.0591347 -0.190833
-0.2 -0.3 0 0.219882 -0.0472789 -0.214739
-0.2 -0.2 0 0.210504 -0.0316966 -0.208104
-0.2 -0.1 0 0.160293 -0.0182384 -0.159252
-0.2 6.38378e-16 0 0.09003 -0.0722693 0.0536893
-0.2 0.1 0 0.289291 -0.12653 0.260153
-0.2 0.2 0 0.285292 -0.106938 0.264491
-0.2 0.3 0 0.0603435 -0.036254 0.0482388
-0.2 0.4 0 0.0715165 -0.0550073 0.0457035
-0.2 0.5 0 0.0572372 -0.0464 0.0335133
-0.2 0.6 0 0.00414616 -0.000849483 -0.00405821
-0.2 0.7 0 0.00948753 0.00829001 -0.00461399
-0.2 0.8 0 0.0331915 0.00252254 -0.0330955
-0.2 0.9 0 0.0219355 0.0105136 0.0192518
-0.2 1 0 0.153268 0.0561169 0.142625
-0.2 1.1 0 0.290408 0.0885473 0.276579
-0.2 1.2 0 0.373486 0.0592772 0.368752
-0.2 1.3 0 0.436396 -0.00187602 0.436392
-0.2 1.4 0 0.48698 -0.0844905 0.479594
-0.2 1.5 0 0.528924 -0.180804 0.497062
-0.2 1.6 0 0.564411 -0.283778 0.487883
-0.2 1.7 0 0.594893 -0.386709 0.452055
-0.2 1.8 0 0.621396 -0.483226 0.390673
-0.2 1.9 0 0.64468 -0.567443 0.305974
-0.1 -2 0 1.14919 -0.798093 -0.826852
-0.1 -1.9 0 1.1514 -0.821524 -0.806735
-0.1 -1.8 0 1.14664 -0.8346 -0.786276
-0.1 -1.7 0 1.13269 -0.835887 -0.764379
-0.1 -1.6 0 1.10691 -0.823669 -0.739473
-0.1 -1.5 0 1.06615 -0.795917 -0.709356
-0.1 -1.4 0 1.00641 -0.750174 -0.670903
-0.1 -1.3 0 0.922227 -0.683199 -0.619469
-0.1 -1.2 0 0.804751 -0.589885 -0.547412
-0.1 -1.1 0 0.635285 -0.459073 -0.439134
-0.1 -1 0 0.329286 -0.235303 -0.230351
-0.1 -0.9 0 0.0438205 -0.0269989 -0.0345152
-0.1 -0.8 0 0.0560433 0.0471077 0.0303597
-0.1 -0.7 0 0.0151064 0.00609414 0.0138226
-0.1 -0.6 0 0.0131198 0.00202241 -0.012963
-0.1 -0.5 0 0.0939997 -0.017448 -0.0923662
-0.1 -0.4 0 0.173146 -0.0338452 -0.169805
-0.1 -0.3 0 0.189673 -0.0216619 -0.188432
-0.1 -0.2 0 0.183718 -0.00761395 -0.18356
-0.1 -0.1 0 0.154143 0.00894909 -0.153883
-0.1 6.38378e-16 0 0.111564 0.018279 -0.110056
-0.1 0.1 0 0.0732357 0.0265528 -0.0682525
-0.1 0.2 0 0.0613798 0.0403613 -0.0462434
-0.1 0.3 0 0.0608806 0.0444736 -0.0415758
-0.1 0.4 0 0.0342043 -0.0254942 0.0228031
-0.1 0.5 0 0.0660428 -0.0516287 0.0411841
-0.1 0.6 0 0.00348005 -0.00298203 0.00179394
-0.1 0.7 0 0.00718521 0.00718108 -0.000243451
-0.1 0.8 0 0.0291022 0.000334023 -0.0291003
-0.1 0.9 0 0.0216989 0.00185416 0.0216195
-0.1 1 0 0.14703 0.0351895 0.142757
-0.1 1.1 0 0.278244 0.05496 0.272762
-0.1 1.2 0 0.358446 0.0175064 0.358019
-0.1 1.3 0 0.419722 -0.0478797 0.416982
-0.1 1.4 0 0.469471 -0.131304 0.450736
-0.1 1.5 0 0.511124 -0.225366 0.458757
-0.1 1.6 0 0.546685 -0.323381 0.440782
-0.1 1.7 0 0.577479 -0.419038 0.397353
-0.1 1.8 0 0.604447 -0.506409 0.330009
-0.1 1.9 0 0.628282 -0.580087 0.241324
6.38378e-16 -2 0 1.15391 -0.62725 -0.968536
6.38378e-16 -1.9 0 1.15337 -0.653801 -0.95016
6.38378e-16 -1.8 0 1.14565 -0.670138 -0.929211
6.38378e-16 -1.7 0 1.12868 -0.675115 -0.904513
6.38378e-16 -1.6 0 1.10002 -0.667428 -0.874405
6.38378e-16 -1.5 0 1.05673 -0.645603 -0.836581
6.38378e-16 -1.4 0 0.995066 -0.607917 -0.787777
6.38378e-16 -1.3 0 0.909819 -0.552136 -0.723129
6.38378e-16 -1.2 0 0.792471 -0.474707 -0.634558
6.38378e-16 -1.1 0 0.624934 -0.367683 -0.505323
6.38378e-16 -1 0 0.326695 -0.191687 -0.264549
6.38378e-16 -0.9 0 0.0487459 -0.0283903 -0.0396252
6.38378e-16 -0.8 0 0.0476283 0.0321214 0.0351663
6.38378e-16 -0.7 0 0.00699106 0.000429505 0.00697785
6.38378e-16 -0.6 0 0.0115444 -0.000104661 -0.011544
6.38378e-16 -0.5 0 0.0541262 -0.0101655 -0.053163
6.38378e-16 -0.4 0 0.0948504 -0.0182084 -0.0930862
6.38378e-16 -0.3 0 0.103617 -0.00772762 -0.103328
6.38378e-16 -0.2 0 0.106352 -0.00216764 -0.10633
6.38378e-16 -0.1 0 0.0934969 0.0129577 -0.0925946
6.38378e-16 6.38378e-16 0 0.103486 0.0354825 -0.0972127
6.38378e-16 0.1 0 0.11592 0.056962 -0.100959
6.38378e-16 0.2 0 0.106285 0.0685602 -0.0812156
6.38378e-16 0.3 0 0.0853033 0.0632259 -0.0572637
6.38378e-16 0.4 0 0.0227354 -0.0203038 0.0102299
6.38378e-16 0.5 0 0.0610367 -0.0526761 0.0308336
6.38378e-16 0.6 0 0.00247317 -0.00244566 0.00036783
6.38378e-16 0.7 0 0.00790487 0.00786641 -0.000778869
6.38378e-16 0.8 0 0.0283395 0.00570963 -0.0277584
6.38378e-16 0.9 0 0.0209453 0.00159215 0.0208847
6.38378e-16 1 0 0.141022 0.0188468 0.139757
6.38378e-16 1.1 0 0.266679 0.0221975 0.265753
6.38378e-16 1.2 0 0.344104 -0.023022 0.343333
6.38378e-16 1.3 0 0.403781 -0.0919561 0.393171
6.38378e-16 1.4 0 0.452695 -0.175461 0.417308
6.38378e-16 1.5 0 0.494037 -0.266552 0.41596
6.38378e-16 1.6 0 0.529645 -0.358929 0.389479
6.38378e-16 1.7 0 0.560724 -0.446703 0.338921
6.38378e-16 1.8 0 0.588125 -0.524412 0.26624
6.38378e-16 1.9 0 0.612485 -0.587155 0.174318
0.1 -2 0 1.15655 -0.431754 -1.07294
0.1 -1.9 0 1.15321 -0.461331 -1.05692
0.1 -1.8 0 1.14255 -0.481305 -1.03623
0.1 -1.7 0 1.12264 -0.490811 -1.00967
0.1 -1.6 0 1.09123 -0.48894 -0.975559
0.1 -1.5 0 1.04557 -0.474746 -0.931578
0.1 -1.4 0 0.982173 -0.447215 -0.87445
0.1 -1.3 0 0.896066 -0.405103 -0.799266
0.1 -1.2 0 0.779018 -0.34641 -0.69776
0.1 -1.1 0 0.613263 -0.266427 -0.552366
0.1 -1 0 0.318727 -0.141716 -0.285488
0.1 -0.9 0 0.0453224 -0.0264694 -0.0367899
0.1 -0.8 0 0.0485448 0.0185771 0.0448497
0.1 -0.7 0 0.00615764 -0.00475239 0.00391552
0.1 -0.6 0 0.00724678 -0.00272768 -0.00671383
0.1 -0.5 0 0.0118436 -0.00478103 -0.0108358
0.1 -0.4 0 0.0146678 -0.00588503 -0.0134355
0.1 -0.3 0 0.0150482 0.00172418 -0.0149491
0.1 -0.2 0 0.0232491 -0.00329061 -0.023015
0.1 -0.1 0 0.0129518 0.00286303 -0.0126314
0.1 6.38378e-16 0 0.0351653 0.017696 -0.0303883
0.1 0.1 0 0.0591248 0.0334364 -0.0487622
0.1 0.2 0 0.0595672 0.0448028 -0.0392551
0.1 0.3 0 0.0583344 0.0484377 -0.0325068
0.1 0.4 0 0.0308128 -0.0287263 0.0111458
0.1 0.5 0 0.0598858 -0.0555109 0.0224689
0.1 0.6 0 0.00238966 -0.0020086 -0.00129461
0.1 0.7 0 0.00807115 0.00790377 -0.00163523
0.1 0.8 0 0.0288959 0.0103658 -0.0269727
0.1 0.9 0 0.0189486 0.000907863 0.0189269
0.1 1 0 0.134543 0.00249292 0.13452
0.1 1.1 0 0.255675 -0.0100463 0.255478
0.1 1.2 0 0.330572 -0.0623415 0.324641
0.1 1.3 0 0.388778 -0.134024 0.364946
0.1 1.4 0 0.436925 -0.216771 0.37936
0.1 1.5 0 0.477984 -0.304069 0.368796
0.1 1.6 0 0.513637 -0.390051 0.33419
0.1 1.7 0 0.544976 -0.469283 0.277077
0.1 1.8 0 0.572775 -0.536802 0.199787
0.1 1.9 0 0.597612 -0.588231 0.105472
0.2 -2 0 1.1567 -0.219602 -1.13567
0.2 -1.9 0 1.1505 -0.251928 -1.12257
0.2 -1.8 0 1.13687 -0.275669 -1.10295
0.2 -1.7 0 1.11406 -0.290223 -1.07559
0.2 -1.6 0 1.07996 -0.295053 -1.03888
0.2 -1.5 0 1.03206 -0.289713 -0.990565
0.2 -1.4 0 0.967076 -0.27386 -0.92749
0.2 -1.3 0 0.880299 -0.247208 -0.844876
0.2 -1.2 0 0.763816 -0.209268 -0.73459
0.2 -1.1 0 0.600377 -0.158094 -0.579188
0.2 -1 0 0.310557 -0.0739002 -0.301637
0.2 -0.9 0 0.0439138 0.00437987 -0.0436948
0.2 -0.8 0 0.0540888 0.0324153 0.0432995
0.2 -0.7 0 0.00892178 0.00761414 0.00465005
0.2 -0.6 0 0.00998311 0.00997374 -0.000432532
0.2 -0.5 0 0.00960572 0.0085259 0.0044248
0.2 -0.4 0 0.0129177 0.00735826 0.0106171
0.2 -0.3 0 0.0192675 0.0127372 0.0144568
0.2 -0.2 0 0.009303 0.00359299 0.00858116
0.2 -0.1 0 0.0270194 -0.00268727 0.0268854
0.2 6.38378e-16 0 0.137726 -0.0834471 0.109567
0.2 0.1 0 0.247678 -0.160996 0.188215
0.2 0.2 0 0.230488 -0.144482 0.179582
0.2 0.3 0 0.0522952 -0.0388384 0.0350194
0.2 0.4 0 0.0681591 -0.0593421 0.0335289
0.2 0.5 0 0.0565674 -0.0504724 0.0255422
0.2 0.6 0 0.00352356 -0.00192192 0.00295325
0.2 0.7 0 0.005717 0.00484596 0.00303328
0.2 0.8 0 0.0239082 0.00653505 -0.0229977
0.2 0.9 0 0.020939 -0.0082797 0.0192325
0.2 1 0 0.130078 -0.0180092 0.128825
0.2 1.1 0 0.245616 -0.0419324 0.24201
0.2 1.2 0 0.318174 -0.100398 0.301919
0.2 1.3 0 0.375097 -0.173929 0.332334
0.2 1.4 0 0.422592 -0.254985 0.336997
0.2 1.5 0 0.463414 -0.33759 0.317467
0.2 1.6 0 0.499105 -0.416364 0.275221
0.2 1.7 0 0.530662 -0.486374 0.212232
0.2 1.8 0 0.558792 -0.54318 0.131165
0.2 1.9 0 0.58403 -0.582956 0.0353976
0.3 -2 0 1.15405 0.000492671 -1.15405
0.3 -1.9 0 1.14491 -0.0341341 -1.1444
0.3 -1.8 0 1.1283 -0.0615211 -1.12663
0.3 -1.7 0 1.1026 -0.0813127 -1.0996
0.3 -1.6 0 1.06589 -0.0933093 -1.0618
0.3 -1.5 0 1.01584 -0.0975242 -1.01115
0.3 -1.4 0 0.949407 -0.0942465 -0.944717
0.3 -1.3 0 0.862146 -0.0841064 -0.858034
0.3 -1.2 0 0.746501 -0.06815 -0.743384
0.3 -1.1 0 0.585918 -0.0481242 -0.583938
0.3 -1 0 0.306673 -0.03311 -0.30488
0.3 -0.9 0 0.0503374 -0.0201243 -0.0461397
0.3 -0.8 0 0.0426625 -0.00819341 0.0418683
0.3 -0.7 0 0.00988028 -0.0093694 -0.00313597
0.3 -0.6 0 0.0085487 -0.00476345 -0.00709858
0.3 -0.5 0 0.00917441 -0.00458965 -0.00794386
0.3 -0.4 0 0.00885876 -0.00452479 -0.00761603
0.3 -0.3 0 0.00248878 0.000131688 -0.00248529
0.3 -0.2 0 0.010835 -0.00245668 -0.0105528
0.3 -0.1 0 0.00963015 -0.00801126 0.00534412
0.3 6.38378e-16 0 0.0445683 -0.0320354 0.0309849
0.3 0.1 0 0.0754261 -0.0536964 0.0529698
0.3 0.2 0 0.069687 -0.0465171 0.0518887
0.3 0.3 0 0.0277173 -0.0235036 0.0146911
0.3 0.4 0 0.0162719 -0.0149941 0.00632079
0.3 0.5 0 0.00724249 -0.00712662 0.00129034
0.3 0.6 0 0.0036451 0.00218689 -0.00291621
0.3 0.7 0 0.00449624 0.00440695 -0.000891635
0.3 0.8 0 0.0282559 0.0185461 -0.0213176
0.3 0.9 0 0.0173035 -0.000250577 0.0173017
0.3 1 0 0.1239 -0.0294902 0.12034
0.3 1.1 0 0.236664 -0.0729047 0.225155
0.3 1.2 0 0.307395 -0.137047 0.275154
0.3 1.3 0 0.363297 -0.211466 0.29541
0.3 1.4 0 0.410268 -0.289816 0.29039
0.3 1.5 0 0.45088 -0.366764 0.262253
0.3 1.6 0 0.486565 -0.437482 0.212966
0.3 1.7 0 0.51825 -0.497584 0.144892
0.3 1.8 0 0.546598 -0.543186 0.0609822
0.3 1.9 0 0.572111 -0.571027 -0.0352072
0.4 -2 0 1.14848 0.219467 -1.12731
0.4 -1.9 0 1.13635 0.183141 -1.1215
0.4 -1.8 0 1.11678 0.152464 -1.10632
0.4 -1.7 0 1.08824 0.127575 -1.08074
0.4 -1.6 0 1.049 0.108376 -1.04339
0.4 -1.5 0 0.996924 0.094443 -0.99244
0.4 -1.4 0 0.92919 0.0849113 -0.925302
0.4 -1.3 0 0.841646 0.0782943 -0.837997
0.4 -1.2 0 0.727087 0.0721369 -0.7235
0.4 -1.1 0 0.569381 0.0620569 -0.565989
0.4 -1 0 0.293639 0.0354667 -0.291489
0.4 -0.9 0 0.0387072 0.0106027 -0.0372268
0.4 -0.8 0 0.0491108 0.00487309 0.0488684
0.4 -0.7 0 0.00370883 0.00168757 0.00330266
0.4 -0.6 0 0.00542174 0.00542162 -3.598e-05
0.4 -0.5 0 0.00449421 0.00425445 -0.0014483
0.4 -0.4 0 0.00344984 0.00288298 -0.00189468
0.4 -0.3 0 0.00707648 0.00622491 0.00336558
0.4 -0.2 0 0.00765609 0.00442621 -0.00624695
0.4 -0.1 0 0.004669 0.00418169 0.00207677
0.4 6.38378e-16 0 0.00748082 0.00696749 -0.00272337
0.4 0.1 0 0.0131438 0.0098732 -0.00867631
0.4 0.2 0 0.0101931 0.00998423 -0.00205282
0.4 0.3 0 0.00618291 0.00530409 -0.00317726
0.4 0.4 0 0.00452724 0.00430433 0.0014031
0.4 0.5 0 0.00393845 0.00384521 0.000851904
0.4 0.6 0 0.00194535 0.00188384 0.000485303
0.4 0.7 0 0.00289965 -0.000222294 0.00289111
0.4 0.8 0 0.0227945 0.0131684 -0.018606
0.4 0.9 0 0.0183788 -0.0104036 0.0151508
0.4 1 0 0.120914 -0.0500916 0.11005
0.4 1.1 0 0.229661 -0.103645 0.204943
0.4 1.2 0 0.298968 -0.172198 0.244397
0.4 1.3 0 0.354105 -0.246406 0.254311
0.4 1.4 0 0.400634 -0.320949 0.23979
0.4 1.5 0 0.440993 -0.391221 0.203523
0.4 1.6 0 0.476553 -0.453017 0.147912
0.4 1.7 0 0.508207 -0.502544 0.0756584
0.4 1.8 0 0.536595 -0.536501 -0.0100588
0.4 1.9 0 0.562204 -0.552206 -0.105559
0.5 -2 0 1.14005 0.428285 -1.05655
0.5 -1.9 0 1.12498 0.390986 -1.05485
0.5 -1.8 0 1.10251 0.357589 -1.04291
0.5 -1.7 0 1.07126 0.328054 -1.0198
0.5 -1.6 0 1.02966 0.302035 -0.984362
0.5 -1.5 0 0.975746 0.278762 -0.935079
0.5 -1.4 0 0.906941 0.256866 -0.869805
0.5 -1.3 0 0.819369 0.234072 -0.785224
0.5 -1.2 0 0.706233 0.206556 -0.675351
0.5 -1.1 0 0.55228 0.166955 -0.52644
0.5 -1 0 0.288091 0.0877859 -0.274391
0.5 -0.9 0 0.0439604 0.0140073 -0.0416691
0.5 -0.8 0 0.0400969 -0.0077976 0.0393314
0.5 -0.7 0 0.00144688 0.000396557 -0.00139147
0.5 -0.6 0 0.00576774 0.00474415 -0.00328022
0.5 -0.5 0 0.00624389 0.00432699 -0.00450148
0.5 -0.4 0 0.00612508 0.00353958 -0.0049988
0.5 -0.3 0 0.00556325 0.00552994 0.000607919
0.5 -0.2 0 0.00953266 0.00531387 -0.00791419
0.5 -0.1 0 0.00672084 0.00631333 -0.00230467
0.5 6.38378e-16 0 0.0135274 0.0108871 -0.00802888
0.5 0.1 0 0.0200714 0.014569 -0.0138059
0.5 0.2 0 0.0150029 0.0133282 -0.00688798
0.5 0.3 0 0.0132846 0.0109273 -0.00755484
0.5 0.4 0 0.00686513 0.00684097 -0.000575398
0.5 0.5 0 0.00628465 0.00628211 0.000178682
0.5 0.6 0 0.00441669 0.00441522 0.000113804
0.5 0.7 0 0.00267031 0.00104284 0.00245826
0.5 0.8 0 0.0229858 0.0179342 -0.0143776
0.5 0.9 0 0.0177808 -0.0100867 0.0146428
0.5 1 0 0.118478 -0.0651225 0.0989752
0.5 1.1 0 0.225287 -0.133477 0.181488
0.5 1.2 0 0.293779 -0.205688 0.209758
0.5 1.3 0 0.348362 -0.278516 0.209249
0.5 1.4 0 0.394418 -0.34806 0.185525
0.5 1.5 0 0.434358 -0.410584 0.141731
0.5 1.6 0 0.469564 -0.462588 0.0806406
0.5 1.7 0 0.500937 -0.50091 0.00522459
0.5 1.8 0 0.529118 -0.522855 -0.0811693
0.5 1.9 0 0.55459 -0.526324 -0.174795
0.6 -2 0 1.12908 0.618316 -0.944729
0.6 -1.9 0 1.11119 0.580859 -0.947282
0.6 -1.8 0 1.086 0.54549 -0.939064
0.6 -1.7 0 1.05229 0.512036 -0.919311
0.6 -1.6 0 1.00862 0.479968 -0.887096
0.6 -1.5 0 0.953222 0.448255 -0.841249
0.6 -1.4 0 0.883726 0.415121 -0.780158
0.6 -1.3 0 0.796512 0.377599 -0.70132
0.6 -1.2 0 0.685108 0.330543 -0.600095
0.6 -1.1 0 0.534731 0.263518 -0.465291
0.6 -1 0 0.277144 0.13386 -0.242674
0.6 -0.9 0 0.0399945 0.0128858 -0.0378618
0.6 -0.8 0 0.0418932 -0.0239326 0.0343842
0.6 -0.7 0 0.00490345 -0.00396592 -0.00288363
0.6 -0.6 0 0.00403193 0.00106283 -0.00388933
0.6 -0.5 0 0.00544198 0.00147867 -0.00523724
0.6 -0.4 0 0.00617847 0.00132845 -0.00603396
0.6 -0.3 0 0.0018177 0.00180226 -0.000236393
0.6 -0.2 0 0.00756003 0.00245921 -0.00714887
0.6 -0.1 0 0.00294855 0.00229614 -0.00184979
0.6 6.38378e-16 0 0.0047751 0.00359714 -0.00314041
0.6 0.1 0 0.00595466 0.00391563 -0.00448619
0.6 0.2 0 0.00243925 0.00220351 0.00104616
0.6 0.3 0 0.00785558 0.00618555 -0.00484242
0.6 0.4 0 0.00203599 0.00198972 0.000431586
0.6 0.5 0 0.00369516 0.00366492 0.000471814
0.6 0.6 0 0.00432073 0.00428283 -0.000571041
0.6 0.7 0 0.00150019 0.00108729 0.00103362
0.6 0.8 0 0.0249279 0.0221405 -0.0114542
0.6 0.9 0 0.0158393 -0.00994316 0.0123295
0.6 1 0 0.116995 -0.0800692 0.0853036
0.6 1.1 0 0.22451 -0.162709 0.154694
0.6 1.2 0 0.292893 -0.237507 0.171397
0.6 1.3 0 0.34696 -0.307601 0.160507
0.6 1.4 0 0.392295 -0.370823 0.128006
0.6 1.5 0 0.431473 -0.42447 0.0774225
0.6 1.6 0 0.465968 -0.465818 0.0118225
0.6 1.7 0 0.496722 -0.492368 -0.0656267
0.6 1.8 0 0.524389 -0.502034 -0.151479
0.6 1.9 0 0.549448 -0.49329 -0.241987
0.7 -2 0 1.11605 0.781701 -0.796559
0.7 -1.9 0 1.09557 0.744947 -0.803326
0.7 -1.8 0 1.068 0.708484 -0.799165
0.7 -1.7 0 1.03222 0.672061 -0.783465
0.7 -1.6 0 0.986981 0.635045 -0.755546
0.7 -1.5 0 0.930691 0.596255 -0.714608
0.7 -1.4 0 0.86118 0.553663 -0.659612
0.7 -1.3 0 0.775049 0.503792 -0.588977
0.7 -1.2 0 0.666033 0.440329 -0.49971
0.7 -1.1 0 0.519548 0.350011 -0.383956
0.7 -1 0 0.267656 0.185565 -0.192887
0.7 -0.9 0 0.0367897 0.0323258 -0.0175649
0.7 -0.8 0 0.0464161 -0.0188802 0.0424028
0.7 -0.7 0 0.00413263 -0.000279326 0.00412318
0.7 -0.6 0 0.00509152 0.00370783 0.00348935
0.7 -0.5 0 0.00414725 0.00363285 0.00200052
0.7 -0.4 0 0.00307257 0.00295217 0.000851714
0.7 -0.3 0 0.00668133 0.00197694 0.00638215
0.7 -0.2 0 0.00262453 0.00257189 -0.00052302
0.7 -0.1 0 0.00447041 0.00105503 0.00434413
0.7 6.38378e-16 0 0.00360076 0.00141838 0.00330963
0.7 0.1 0 0.00218676 0.000930012 0.00197914
0.7 0.2 0 0.00670074 -0.0017173 0.00647694
0.7 0.3 0 0.00285636 0.00285462 -9.97697e-05
0.7 0.4 0 0.00403722 -0.00176731 0.00362985
0.7 0.5 0 0.00294296 2.67463e-05 0.00294284
0.7 0.6 0 0.00147174 0.00100694 0.00107335
0.7 0.7 0 0.00269318 -0.00227245 0.0014454
0.7 0.8 0 0.0219599 0.0187823 -0.0113782
0.7 0.9 0 0.0186234 -0.0174998 0.00637093
0.7 1 0 0.12026 -0.0990584 0.0681894
0.7 1.1 0 0.228918 -0.191924 0.124775
0.7 1.2 0 0.297577 -0.267875 0.129596
0.7 1.3 0 0.350717 -0.333528 0.108449
0.7 1.4 0 0.394753 -0.388901 0.0677203
0.7 1.5 0 0.432624 -0.432478 0.0112225
0.7 1.6 0 0.465934 -0.462337 -0.0577859
0.7 1.7 0 0.495668 -0.476636 -0.136031
0.7 1.8 0 0.522478 -0.473882 -0.220044
0.7 1.9 0 0.546831 -0.453099 -0.306146
0.8 -2 0 1.10157 0.911684 -0.618289
0.8 -1.9 0 1.07888 0.876491 -0.629075
0.8 -1.8 0 1.04938 0.839885 -0.629114
0.8 -1.7 0 1.01213 0.801593 -0.617943
0.8 -1.6 0 0.966042 0.760969 -0.595117
0.8 -1.5 0 0.909753 0.716825 -0.56019
0.8 -1.4 0 0.841344 0.667102 -0.512674
0.8 -1.3 0 0.757689 0.608174 -0.451903
0.8 -1.2 0 0.652688 0.533033 -0.376666
0.8 -1.1 0 0.511209 0.425062 -0.284002
0.8 -1 0 0.262062 0.205207 -0.162993
0.8 -0.9 0 0.0551685 -0.0020176 -0.0551316
0.8 -0.8 0 0.0637217 -0.0631562 -0.00847009
0.8 -0.7 0 0.0397186 -0.0229247 -0.0324349
0.8 -0.6 0 0.0361893 -0.0188619 -0.0308852
0.8 -0.5 0 0.0346384 -0.013075 -0.0320759
0.8 -0.4 0 0.0342998 -0.00784211 -0.0333913
0.8 -0.3 0 0.0298734 -0.0099968 -0.0281511
0.8 -0.2 0 0.0324923 0.00149723 -0.0324578
0.8 -0.1 0 0.0282269 -0.000990893 -0.0282095
0.8 6.38378e-16 0 0.0272573 0.0042913 -0.0269174
0.8 0.1 0 0.0276969 0.00888608 -0.0262327
0.8 0.2 0 0.0230086 0.00529513 -0.022391
0.8 0.3 0 0.0277184 0.0180057 -0.0210737
0.8 0.4 0 0.0224725 0.0128043 -0.0184679
0.8 0.5 0 0.0227359 0.0176834 -0.0142905
0.8 0.6 0 0.0248558 0.0220636 -0.0114458
0.8 0.7 0 0.0219174 0.018729 -0.011384
0.8 0.8 0 0.0471369 0.0465723 -0.0072739
0.8 0.9 0 0.00859256 0.00719038 0.00470431
0.8 1 0 0.115264 -0.102918 0.0519015
0.8 1.1 0 0.240975 -0.222521 0.0924843
0.8 1.2 0 0.309201 -0.297361 0.0847464
0.8 1.3 0 0.360153 -0.356159 0.0534835
0.8 1.4 0 0.401922 -0.401888 0.00520911
0.8 1.5 0 0.437778 -0.434159 -0.056172
0.8 1.6 0 0.469375 -0.451768 -0.12735
0.8 1.7 0 0.497674 -0.45347 -0.205048
0.8 1.8 0 0.523293 -0.438315 -0.285859
0.8 1.9 0 0.546661 -0.405841 -0.366239
0.9 -2 0 1.08631 1.0029 -0.41745
0.9 -1.9 0 1.06188 0.970077 -0.43191
0.9 -1.8 0 1.03106 0.934287 -0.436109
0.9 -1.7 0 0.993073 0.895289 -0.429712
0.9 -1.6 0 0.94706 0.852516 -0.412478
0.9 -1.5 0 0.891944 0.804925 -0.384266
0.9 -1.4 0 0.826205 0.750705 -0.345047
0.9 -1.3 0 0.747292 0.686645 -0.294896
0.9 -1.2 0 0.649947 0.606384 -0.233943
0.9 -1.1 0 0.519775 0.493871 -0.162041
0.9 -1 0 0.277613 0.267822 -0.0730778
0.9 -0.9 0 0.0539573 0.0536591 0.00566482
0.9 -0.8 0 0.043445 -0.0137502 0.0412116
0.9 -0.7 0 0.0271984 0.0200817 0.0183433
0.9 -0.6 0 0.0269268 0.0160109 0.0216496
0.9 -0.5 0 0.025806 0.0148191 0.0211268
0.9 -0.4 0 0.0239799 0.0136317 0.0197284
0.9 -0.3 0 0.024697 0.00475536 0.0242348
0.9 -0.2 0 0.0219418 0.0107454 0.0191306
0.9 -0.1 0 0.0216305 0.00205711 0.0215325
0.9 6.38378e-16 0 0.0208803 0.00181195 0.0208015
0.9 0.1 0 0.0188714 0.00114417 0.0188366
0.9 0.2 0 0.0207846 -0.00806616 0.0191556
0.9 0.3 0 0.0172727 -0.000121152 0.0172722
0.9 0.4 0 0.0183295 -0.0103307 0.015141
0.9 0.5 0 0.0177545 -0.0100364 0.0146456
0.9 0.6 0 0.0158146 -0.00989861 0.0123336
0.9 0.7 0 0.018616 -0.0174885 0.00638041
0.9 0.8 0 0.0086407 0.00723682 0.00472124
0.9 0.9 0 0.0333784 -0.0329616 0.00525835
0.9 1 0 0.147345 -0.143023 0.0354264
0.9 1.1 0 0.266157 -0.259649 0.0585004
0.9 1.2 0 0.328639 -0.326534 0.0371354
0.9 1.3 0 0.37511 -0.375089 -0.00402653
0.9 1.4 0 0.413418 -0.409191 -0.0589629
0.9 1.5 0 0.446541 -0.428978 -0.124004
0.9 1.6 0 0.475939 -0.433724 -0.195962
0.9 1.7 0 0.502445 -0.422666 -0.27167
0.9 1.8 0 0.526589 -0.395331 -0.347865
0.9 1.9 0 0.548737 -0.351713 -0.421201
1 -2 0 1.07094 1.05162 -0.202541
1 -1.9 0 1.04533 1.02187 -0.2202
1 -1.8 0 1.01385 0.987802 -0.228345
1 -1.7 0 0.975943 0.949236 -0.226748
1 -1.6 0 0.931002 0.905759 -0.215325
1 -1.5 0 0.878325 0.856596 -0.194162
1 -1.4 0 0.816963 0.800423 -0.163559
1 -1.3 0 0.745383 0.734984 -0.124075
1 -1.2 0 0.660587 0.656131 -0.0765998
1 -1.1 0 0.555095 0.554647 -0.0222852
1 -1 0 0.392581 0.390499 0.0403738
1 -0.9 0 0.253962 0.235098 0.0960492
1 -0.8 0 0.2077 0.164569 0.126713
1 -0.7 0 0.198775 0.155016 0.124426
1 -0.6 0 0.186836 0.131256 0.132965
1 -0.5 0 0.177039 0.111212 0.137749
1 -0.4 0 0.168158 0.0924583 0.140458
1 -0.3 0 0.16097 0.0705758 0.144673
1 -0.2 0 0.153404 0.0568451 0.142483
1 -0.1 0 0.147057 0.0359426 0.142597
1 6.38378e-16 0 0.14097 0.0196123 0.139599
1 0.1 0 0.134415 0.00324103 0.134376
1 0.2 0 0.129886 -0.017347 0.128722
1 0.3 0 0.123749 -0.0289814 0.120308
1 0.4 0 0.120763 -0.0497029 0.110061
1 0.5 0 0.118342 -0.0648188 0.0990119
1 0.6 0 0.116873 -0.079837 0.0853539
1 0.7 0 0.120161 -0.0988998 0.0682461
1 0.8 0 0.115173 -0.102788 0.0519572
1 0.9 0 0.147288 -0.142955 0.0354619
1 1 0 0.224345 -0.22198 0.0324874
1 1.1 0 0.304281 -0.303413 0.0229647
1 1.2 0 0.354545 -0.354291 -0.0134235
1 1.3 0 0.394419 -0.389215 -0.063857
1 1.4 0 0.42833 -0.409921 -0.124222
1 1.5 0 0.458206 -0.416291 -0.191454
1 1.6 0 0.48507 -0.407814 -0.262643
1 1.7 0 0.509538 -0.384082 -0.334828
1 1.8 0 0.53201 -0.345024 -0.40496
1 1.9 0 0.552771 -0.291034 -0.469952
1.1 -2 0 1.05604 1.0559 0.0173331
1.1 -1.9 0 1.02982 1.02981 -0.00294327
1.1 -1.8 0 0.99836 0.998252 -0.0146759
1.1 -1.7 0 0.961315 0.961152 -0.0177103
1.1 -1.6 0 0.918363 0.918284 -0.012069
1.1 -1.5 0 0.8692 0.869198 0.00201404
1.1 -1.4 0 0.813508 0.813153 0.0240488
1.1 -1.3 0 0.750897 0.749008 0.0532248
1.1 -1.2 0 0.680863 0.67511 0.0883164
1.1 -1.1 0 0.603139 0.589504 0.12752
1.1 -1 0 0.521167 0.493375 0.167918
1.1 -0.9 0 0.451073 0.402223 0.204164
1.1 -0.8 0 0.404145 0.331492 0.231183
1.1 -0.7 0 0.373965 0.279235 0.248752
1.1 -0.6 0 0.351687 0.235574 0.261129
1.1 -0.5 0 0.333509 0.196117 0.269753
1.1 -0.4 0 0.317803 0.15914 0.275087
1.1 -0.3 0 0.303769 0.123641 0.277468
1.1 -0.2 0 0.290713 0.0895739 0.276569
1.1 -0.1 0 0.278423 0.0559971 0.272734
1.1 6.38378e-16 0 0.26674 0.0232118 0.265729
1.1 0.1 0 0.255634 -0.00908847 0.255472
1.1 0.2 0 0.245493 -0.0410657 0.242034
1.1 0.3 0 0.236491 -0.0721545 0.225215
1.1 0.4 0 0.229461 -0.103019 0.205035
1.1 0.5 0 0.225079 -0.13297 0.181602
1.1 0.6 0 0.224308 -0.162313 0.154818
1.1 0.7 0 0.228737 -0.191627 0.124899
1.1 0.8 0 0.240825 -0.222312 0.0925946
1.1 0.9 0 0.26605 -0.259519 0.0585847
1.1 1 0 0.304226 -0.303355 0.0230113
1.1 1.1 0 0.345889 -0.345425 -0.0179166
1.1 1.2 0 0.383338 -0.377289 -0.06783
1.1 1.3 0 0.416191 -0.396698 -0.12588
1.1 1.4 0 0.44545 -0.402925 -0.189939
1.1 1.5 0 0.47191 -0.395393 -0.257611
1.1 1.6 0 0.496116 -0.373684 -0.32633
1.1 1.7 0 0.518438 -0.337669 -0.393392
1.1 1.8 0 0.539142 -0.287618 -0.456016
1.1 1.9 0 0.558425 -0.224265 -0.511413
1.2 -2 0 1.04205 1.0157 0.232855
1.2 -1.9 0 1.01577 0.993694 0.210614
1.2 -1.8 0 0.984942 0.96529 0.195769
1.2 -1.7 0 0.94942 0.930533 0.188432
1.2 -1.6 0 0.909144 0.889384 0.18852
1.2 -1.5 0 0.864162 0.841705 0.195725
1.2 -1.4 0 0.814665 0.787272 0.209479
1.2 -1.3 0 0.761062 0.725823 0.2289
1.2 -1.2 0 0.704176 0.657261 0.252728
1.2 -1.1 0 0.645755 0.582266 0.279223
1.2 -1 0 0.589392 0.503704 0.306048
1.2 -0.9 0 0.540219 0.427401 0.330402
1.2 -0.8 0 0.5011 0.35864 0.349969
1.2 -0.7 0 0.470686 0.298388 0.364019
1.2 -0.6 0 0.446129 0.244534 0.373141
1.2 -0.5 0 0.425259 0.194909 0.377963
1.2 -0.4 0 0.406743 0.148145 0.378804
1.2 -0.3 0 0.389769 0.103445 0.375791
1.2 -0.2 0 0.373819 0.0603648 0.368913
1.2 -0.1 0 0.358643 0.0185953 0.35816
1.2 6.38378e-16 0 0.344173 -0.0219622 0.343471
1.2 0.1 0 0.330528 -0.0613408 0.324786
1.2 0.2 0 0.31804 -0.0994832 0.30208
1.2 0.3 0 0.307197 -0.136238 0.275334
1.2 0.4 0 0.298731 -0.171506 0.244593
1.2 0.5 0 0.293525 -0.205116 0.209963
1.2 0.6 0 0.292642 -0.237049 0.171602
1.2 0.7 0 0.297346 -0.267524 0.129791
1.2 0.8 0 0.309003 -0.297105 0.0849196
1.2 0.9 0 0.328484 -0.326363 0.0372766
1.2 1 0 0.354442 -0.354191 -0.0133234
1.2 1.1 0 0.383287 -0.377247 -0.0677779
1.2 1.2 0 0.411814 -0.391819 -0.126761
1.2 1.3 0 0.438673 -0.395507 -0.18976
1.2 1.4 0 0.463638 -0.38701 -0.255309
1.2 1.5 0 0.486831 -0.36563 -0.321433
1.2 1.6 0 0.50844 -0.331088 -0.385865
1.2 1.7 0 0.528638 -0.283519 -0.446179
1.2 1.8 0 0.54757 -0.223489 -0.499886
1.2 1.9 0 0.565354 -0.152031 -0.544529
1.3 -2 0 1.02927 0.932882 0.434897
1.3 -1.9 0 1.00342 0.915211 0.411382
1.3 -1.8 0 0.973715 0.890448 0.393985
1.3 -1.7 0 0.940191 0.858735 0.382796
1.3 -1.6 0 0.902989 0.820197 0.377712
1.3 -1.5 0 0.862404 0.774949 0.37841
1.3 -1.4 0 0.818925 0.723141 0.384325
1.3 -1.3 0 0.773308 0.665044 0.394615
1.3 -1.2 0 0.72668 0.601236 0.408141
1.3 -1.1 0 0.680674 0.532921 0.423452
1.3 -1 0 0.637384 0.462268 0.438824
1.3 -0.9 0 0.598794 0.392213 0.452464
1.3 -0.8 0 0.565779 0.325334 0.462886
1.3 -0.7 0 0.537815 0.262769 0.469252
1.3 -0.6 0 0.513698 0.204325 0.471314
1.3 -0.5 0 0.492266 0.149301 0.469079
1.3 -0.4 0 0.472648 0.09704 0.462579
1.3 -0.3 0 0.454255 0.0470877 0.451808
1.3 -0.2 0 0.436729 -0.000826645 0.436728
1.3 -0.1 0 0.419916 -0.0468321 0.417296
1.3 6.38378e-16 0 0.403845 -0.090937 0.393473
1.3 0.1 0 0.388728 -0.133059 0.365246
1.3 0.2 0 0.374953 -0.173041 0.332635
1.3 0.3 0 0.363084 -0.210673 0.295714
1.3 0.4 0 0.353847 -0.245719 0.254617
1.3 0.5 0 0.348082 -0.277939 0.20955
1.3 0.6 0 0.346678 -0.307132 0.160797
1.3 0.7 0 0.350452 -0.333162 0.108718
1.3 0.8 0 0.359919 -0.355887 0.053723
1.3 0.9 0 0.374918 -0.374898 -0.00382508
1.3 1 0 0.394274 -0.389095 -0.0637007
1.3 1.1 0 0.416097 -0.396633 -0.125774
1.3 1.2 0 0.438628 -0.395482 -0.189707
1.3 1.3 0 0.46078 -0.384017 -0.254656
1.3 1.4 0 0.482062 -0.361202 -0.319245
1.3 1.5 0 0.502311 -0.326533 -0.381697
1.3 1.6 0 0.521509 -0.279969 -0.439988
1.3 1.7 0 0.539693 -0.221912 -0.491959
1.3 1.8 0 0.556916 -0.153205 -0.535429
1.3 1.9 0 0.573237 -0.0751356 -0.568291
1.4 -2 0 1.01789 0.811158 0.614918
1.4 -1.9 0 0.992839 0.797903 0.590829
1.4 -1.8 0 0.964612 0.777096 0.571488
1.4 -1.7 0 0.933362 0.748953 0.556986
1.4 -1.6 0 0.899366 0.713721 0.54723
1.4 -1.5 0 0.863048 0.671695 0.54192
1.4 -1.4 0 0.825007 0.623259 0.540542
1.4 -1.3 0 0.786041 0.568959 0.542352
1.4 -1.2 0 0.747149 0.509606 0.546383
1.4 -1.1 0 0.709494 0.446395 0.551465
1.4 -1 0 0.674231 0.380948 0.556296
1.4 -0.9 0 0.642205 0.315117 0.559578
1.4 -0.8 0 0.613669 0.250544 0.560194
1.4 -0.7 0 0.588284 0.188268 0.557345
1.4 -0.6 0 0.565394 0.128693 0.550553
1.4 -0.5 0 0.544319 0.0718311 0.539559
1.4 -0.4 0 0.524506 0.0175626 0.524212
1.4 -0.3 0 0.505572 -0.0342155 0.504412
1.4 -0.2 0 0.487304 -0.0835359 0.48009
1.4 -0.1 0 0.469658 -0.13035 0.451207
1.4 6.38378e-16 0 0.452755 -0.174533 0.417762
1.4 0.1 0 0.436872 -0.215889 0.379801
1.4 0.2 0 0.422446 -0.254171 0.337428
1.4 0.3 0 0.41005 -0.289084 0.290813
1.4 0.4 0 0.400368 -0.32031 0.2402
1.4 0.5 0 0.394125 -0.347519 0.185919
1.4 0.6 0 0.391997 -0.370379 0.128377
1.4 0.7 0 0.394467 -0.388551 0.0680614
1.4 0.8 0 0.401662 -0.401625 0.00551315
1.4 0.9 0 0.413195 -0.409004 -0.0587027
1.4 1 0 0.428151 -0.409799 -0.124011
1.4 1.1 0 0.445318 -0.402854 -0.189781
1.4 1.2 0 0.463553 -0.386977 -0.255205
1.4 1.3 0 0.482021 -0.361192 -0.319194
1.4 1.4 0 0.500223 -0.3249 -0.380346
1.4 1.5 0 0.517896 -0.277926 -0.437005
1.4 1.6 0 0.534918 -0.220523 -0.487347
1.4 1.7 0 0.551244 -0.153367 -0.529479
1.4 1.8 0 0.566865 -0.0775532 -0.561535
1.4 1.9 0 0.581792 0.00541946 -0.581767
1.5 -2 0 1.00795 0.655916 0.76534
1.5 -1.9 0 0.983982 0.647006 0.741353
1.5 -1.8 0 0.957447 0.630315 0.7207
1.5 -1.7 0 0.928579 0.606108 0.703485
1.5 -1.6 0 0.89772 0.574714 0.689642
1.5 -1.5 0 0.865336 0.536538 0.678921
1.5 -1.4 0 0.832015 0.4921 0.670885
1.5 -1.3 0 0.798455 0.442069 0.66491
1.5 -1.2 0 0.765427 0.387315 0.660201
1.5 -1.1 0 0.733697 0.32894 0.655828
1.5 -1 0 0.703899 0.26825 0.650781
1.5 -0.9 0 0.676397 0.206627 0.644064
1.5 -0.8 0 0.651212 0.145332 0.634788
1.5 -0.7 0 0.62807 0.0853318 0.622246
1.5 -0.6 0 0.606542 0.0272581 0.605929
1.5 -0.5 0 0.586189 -0.0285182 0.585495
1.5 -0.4 0 0.566653 -0.0817696 0.560722
1.5 -0.3 0 0.547701 -0.132318 0.531477
1.5 -0.2 0 0.529236 -0.179979 0.497692
1.5 -0.1 0 0.511304 -0.22454 0.459362
1.5 6.38378e-16 0 0.494094 -0.265745 0.416543
1.5 0.1 0 0.477931 -0.303301 0.36936
1.5 0.2 0 0.46327 -0.336879 0.318012
1.5 0.3 0 0.450664 -0.366122 0.262779
1.5 0.4 0 0.440727 -0.390659 0.204025
1.5 0.5 0 0.434063 -0.410107 0.142207
1.5 0.6 0 0.431168 -0.424079 0.0778665
1.5 0.7 0 0.432326 -0.432169 0.0116287
1.5 0.8 0 0.437501 -0.433927 -0.0558096
1.5 0.9 0 0.446297 -0.428814 -0.12369
1.5 1 0 0.458001 -0.416185 -0.191193
1.5 1.1 0 0.471748 -0.395333 -0.257406
1.5 1.2 0 0.486712 -0.365603 -0.321283
1.5 1.3 0 0.502235 -0.326527 -0.381602
1.5 1.4 0 0.517859 -0.277929 -0.43696
1.5 1.5 0 0.533299 -0.219986 -0.485813
1.5 1.6 0 0.548386 -0.153255 -0.526536
1.5 1.7 0 0.563024 -0.078673 -0.5575
1.5 1.8 0 0.577166 0.00244563 -0.577161
1.5 1.9 0 0.590789 0.0884287 -0.584134
1.6 -2 0 0.999431 0.474 0.879879
1.6 -1.9 0 0.97672 0.469228 0.856626
1.6 -1.8 0 0.951976 0.456675 0.835288
1.6 -1.7 0 0.925469 0.43663 0.815994
1.6 -1.6 0 0.897558 0.409467 0.798715
1.6 -1.5 0 0.868688 0.375656 0.783264
1.6 -1.4 0 0.839379 0.33578 0.769291
1.6 -1.3 0 0.810191 0.290557 0.756298
1.6 -1.2 0 0.781683 0.240856 0.743651
1.6 -1.1 0 0.754343 0.187694 0.730619
1.6 -1 0 0.728511 0.132197 0.716417
1.6 -0.9 0 0.704328 0.0755271 0.700267
1.6 -0.8 0 0.681721 0.0187724 0.681462
1.6 -0.7 0 0.660453 -0.0371371 0.659409
1.6 -0.6 0 0.640215 -0.0914639 0.633648
1.6 -0.5 0 0.620702 -0.143642 0.603853
1.6 -0.4 0 0.601681 -0.193224 0.569811
1.6 -0.3 0 0.583022 -0.23983 0.531409
1.6 -0.2 0 0.56471 -0.283107 0.488619
1.6 -0.1 0 0.546859 -0.322706 0.441492
1.6 6.38378e-16 0 0.529701 -0.358267 0.390164
1.6 0.1 0 0.513588 -0.389419 0.334851
1.6 0.2 0 0.498967 -0.415778 0.275857
1.6 0.3 0 0.486356 -0.436953 0.213574
1.6 0.4 0 0.476293 -0.452555 0.14849
1.6 0.5 0 0.469272 -0.462196 0.0811842
1.6 0.6 0 0.465662 -0.465499 0.0123267
1.6 0.7 0 0.465631 -0.462089 -0.057326
1.6 0.8 0 0.469088 -0.451586 -0.126939
1.6 0.9 0 0.475679 -0.433601 -0.195604
1.6 1 0 0.484845 -0.40774 -0.262341
1.6 1.1 0 0.495929 -0.373649 -0.326085
1.6 1.2 0 0.508293 -0.331082 -0.385677
1.6 1.3 0 0.521402 -0.279979 -0.439854
1.6 1.4 0 0.53485 -0.220539 -0.487264
1.6 1.5 0 0.548353 -0.153268 -0.526498
1.6 1.6 0 0.561723 -0.0789985 -0.55614
1.6 1.7 0 0.574841 0.00109799 -0.574839
1.6 1.8 0 0.58763 0.0855256 -0.581373
1.6 1.9 0 0.600048 0.172485 -0.574722
1.7 -2 0 0.992237 0.273416 0.953823
1.7 -1.9 0 0.970882 0.27246 0.931868
1.7 -1.8 0 0.94794 0.263946 0.910452
1.7 -1.7 0 0.923688 0.248165 0.889727
1.7 -1.6 0 0.898471 0.22551 0.86971
1.7 -1.5 0 0.872684 0.196476 0.850279
1.7 -1.4 0 0.846756 0.161672 0.831178
1.7 -1.3 0 0.821117 0.121825 0.812029
1.7 -1.2 0 0.796156 0.077781 0.792348
1.7 -1.1 0 0.772176 0.03049 0.771573
1.7 -1 0 0.749349 -0.019024 0.749108
1.7 -0.9 0 0.727704 -0.0697174 0.724357
1.7 -0.8 0 0.70713 -0.120587 0.696772
1.7 -0.7 0 0.687426 -0.170722 0.665889
1.7 -0.6 0 0.668352 -0.21933 0.631339
1.7 -0.5 0 0.649695 -0.265733 0.592866
1.7 -0.4 0 0.631303 -0.309348 0.550315
1.7 -0.3 0 0.613116 -0.349662 0.503634
1.7 -0.2 0 0.59518 -0.386203 0.452864
1.7 -0.1 0 0.577648 -0.418525 0.398138
1.7 6.38378e-16 0 0.560781 -0.446197 0.339681
1.7 0.1 0 0.544932 -0.4688 0.277809
1.7 0.2 0 0.530533 -0.485926 0.212935
1.7 0.3 0 0.518052 -0.497181 0.145562
1.7 0.4 0 0.507957 -0.502195 0.0762918
1.7 0.5 0 0.500653 -0.500619 0.00581763
1.7 0.6 0 0.496421 -0.492137 -0.0650785
1.7 0.7 0 0.495365 -0.476464 -0.135532
1.7 0.8 0 0.497383 -0.453352 -0.204601
1.7 0.9 0 0.502176 -0.422596 -0.27128
1.7 1 0 0.509298 -0.384053 -0.334496
1.7 1.1 0 0.518232 -0.337672 -0.393118
1.7 1.2 0 0.528468 -0.283543 -0.445962
1.7 1.3 0 0.53956 -0.221948 -0.491797
1.7 1.4 0 0.551148 -0.153407 -0.529368
1.7 1.5 0 0.562962 -0.0787061 -0.557433
1.7 1.6 0 0.574811 0.00107844 -0.57481
1.7 1.7 0 0.58656 0.0845863 -0.580429
1.7 1.8 0 0.598118 0.170184 -0.573396
1.7 1.9 0 0.609426 0.255994 -0.553053
1.8 -2 0 0.98625 0.0629726 0.984237
1.8 -1.9 0 0.966282 0.0654219 0.964065
1.8 -1.8 0 0.94509 0.0607432 0.943136
1.8 -1.7 0 0.92294 0.0492188 0.921627
1.8 -1.6 0 0.900141 0.0312374 0.899599
1.8 -1.5 0 0.877029 0.00729605 0.876999
1.8 -1.4 0 0.853945 -0.0219987 0.853661
1.8 -1.3 0 0.831205 -0.0559324 0.829321
1.8 -1.2 0 0.809074 -0.0936904 0.803631
1.8 -1.1 0 0.787732 -0.134375 0.776186
1.8 -1 0 0.767253 -0.177031 0.74655
1.8 -0.9 0 0.747608 -0.220687 0.714293
1.8 -0.8 0 0.728677 -0.264391 0.67902
1.8 -0.7 0 0.710287 -0.307248 0.640396
1.8 -0.6 0 0.692256 -0.348438 0.598172
1.8 -0.5 0 0.674428 -0.387225 0.552186
1.8 -0.4 0 0.656712 -0.422952 0.502377
1.8 -0.3 0 0.639099 -0.455022 0.448779
1.8 -0.2 0 0.621672 -0.482893 0.391523
1.8 -0.1 0 0.60461 -0.506064 0.330836
1.8 6.38378e-16 0 0.588184 -0.524069 0.267043
1.8 0.1 0 0.572738 -0.536473 0.200561
1.8 0.2 0 0.558673 -0.542877 0.131907
1.8 0.3 0 0.546412 -0.542918 0.0616885
1.8 0.4 0 0.536357 -0.536275 -0.00939249
1.8 0.5 0 0.528845 -0.522675 -0.0805471
1.8 0.6 0 0.524096 -0.5019 -0.150905
1.8 0.7 0 0.52218 -0.473795 -0.219522
1.8 0.8 0 0.523002 -0.438271 -0.285393
1.8 0.9 0 0.526315 -0.395325 -0.347456
1.8 1 0 0.53176 -0.345049 -0.40461
1.8 1.1 0 0.538922 -0.287666 -0.455724
1.8 1.2 0 0.547382 -0.223552 -0.499651
1.8 1.3 0 0.556762 -0.153275 -0.535249
1.8 1.4 0 0.566745 -0.0776217 -0.561404
1.8 1.5 0 0.577079 0.0023861 -0.577074
1.8 1.6 0 0.587574 0.0854814 -0.581323
1.8 1.7 0 0.598092 0.17016 -0.573375
1.8 1.8 0 0.608531 0.254702 -0.552663
1.8 1.9 0 0.618821 0.337198 -0.51888
1.9 -2 0 0.981335 -0.148102 0.970095
1.9 -1.9 0 0.962737 -0.142727 0.952098
1.9 -1.8 0 0.943203 -0.143857 0.932168
1.9 -1.7 0 0.922978 -0.151231 0.910504
1.9 -1.6 0 0.902326 -0.164481 0.887208
1.9 -1.5 0 0.881523 -0.183123 0.862293
1.9 -1.4 0 0.860831 -0.206572 0.835679
1.9 -1.3 0 0.840479 -0.234138 0.807208
1.9 -1.2 0 0.820639 -0.265045 0.77666
1.9 -1.1 0 0.80141 -0.298443 0.743768
1.9 -1 0 0.78281 -0.333433 0.708247
1.9 -0.9 0 0.764779 -0.369096 0.669818
1.9 -0.8 0 0.747203 -0.404523 0.628231
1.9 -0.7 0 0.729937 -0.43884 0.583289
1.9 -0.6 0 0.712838 -0.471227 0.534867
1.9 -0.5 0 0.6958 -0.500925 0.48292
1.9 -0.4 0 0.678774 -0.527243 0.42749
1.9 -0.3 0 0.661786 -0.549553 0.368717
1.9 -0.2 0 0.644945 -0.567281 0.306832
1.9 -0.1 0 0.628442 -0.579911 0.242163
1.9 6.38378e-16 0 0.612545 -0.586975 0.175133
1.9 0.1 0 0.597582 -0.588059 0.10626
1.9 0.2 0 0.583921 -0.582801 0.0361524
1.9 0.3 0 0.571937 -0.570896 -0.0344896
1.9 0.4 0 0.561979 -0.552105 -0.104883
1.9 0.5 0 0.554328 -0.526257 -0.174165
1.9 0.6 0 0.549164 -0.493259 -0.241407
1.9 0.7 0 0.546539 -0.453102 -0.30562
1.9 0.8 0 0.546372 -0.405876 -0.365769
1.9 0.9 0 0.54846 -0.351775 -0.420789
1.9 1 0 0.552514 -0.291118 -0.469598
1.9 1.1 0 0.558194 -0.224365 -0.511117
1.9 1.2 0 0.565152 -0.152138 -0.54429
1.9 1.3 0 0.573066 -0.0752438 -0.568104
1.9 1.4 0 0.581652 0.00531749 -0.581628
1.9 1.5 0 0.590681 0.0883391 -0.584038
1.9 1.6 0 0.599969 0.172413 -0.574662
1.9 1.7 0 0.609376 0.255944 -0.55302
1.9 1.8 0 0.618796 0.337173 -0.518868
1.9 1.9 0 0.628153 0.414213 -0.472233
