X Y Z F R I
-2 -2 0 0.961405 -0.471606 -0.837787
-2 -1.9 0 1.0112 -0.482659 -0.888577
-2 -1.8 0 1.04949 -0.529491 -0.906127
-2 -1.7 0 1.04882 -0.573189 -0.878336
-2 -1.6 0 1.00422 -0.579358 -0.820242
-2 -1.5 0 0.935919 -0.529171 -0.77196
-2 -1.4 0 0.903298 -0.446229 -0.785384
-2 -1.3 0 0.960685 -0.399934 -0.873481
-2 -1.2 0 1.0743 -0.446624 -0.97706
-2 -1.1 0 1.15798 -0.565217 -1.01067
-2 -1 0 1.16055 -0.672231 -0.946031
-2 -0.9 0 1.09207 -0.703902 -0.834945
-2 -0.8 0 1.00504 -0.670512 -0.748672
-2 -0.7 0 0.947907 -0.629464 -0.708733
-2 -0.6 0 0.920529 -0.620361 -0.680093
-2 -0.5 0 0.885328 -0.633997 -0.617943
-2 -0.4 0 0.814202 -0.634488 -0.510245
-2 -0.3 0 0.709863 -0.598988 -0.380944
-2 -0.2 0 0.598647 -0.536467 -0.265672
-2 -0.1 0 0.514289 -0.477979 -0.189814
-2 6.38378e-16 0 0.482977 -0.454339 -0.163838
-2 0.1 0 0.514289 -0.477979 -0.189814
-2 0.2 0 0.598647 -0.536467 -0.265672
-2 0.3 0 0.709863 -0.598988 -0.380944
-2 0.4 0 0.814202 -0.634488 -0.510245
-2 0.5 0 0.885328 -0.633997 -0.617943
-2 0.6 0 0.920529 -0.620361 -0.680093
-2 0.7 0 0.947907 -0.629464 -0.708733
-2 0.8 0 1.00504 -0.670512 -0.748672
-2 0.9 0 1.09207 -0.703902 -0.834945
-2 1 0 1.16055 -0.672231 -0.946031
-2 1.1 0 1.15798 -0.565217 -1.01067
-2 1.2 0 1.0743 -0.446624 -0.97706
-2 1.3 0 0.960685 -0.399934 -0.873481
-2 1.4 0 0.903298 -0.446229 -0.785384
-2 1.5 0 0.935919 -0.529171 -0.77196
-2 1.6 0 1.00422 -0.579358 -0.820242
-2 1.7 0 1.04882 -0.573189 -0.878336
-2 1.8 0 1.04949 -0.529491 -0.906127
-2 1.9 0 1.0112 -0.482659 -0.888577
-1.9 -2 0 1.0501 0.938488 -0.47112
-1.9 -1.9 0 0.998604 0.878688 -0.474465
-1.9 -1.8 0 0.951817 0.85077 -0.426785
-1.9 -1.7 0 0.953519 0.874559 -0.379927
-1.9 -1.6 0 0.998457 0.927425 -0.369864
-1.9 -1.5 0 1.05636 0.974232 -0.40836
-1.9 -1.4 0 1.08623 0.973861 -0.481124
-1.9 -1.3 0 1.05054 0.903879 -0.535394
-1.9 -1.2 0 0.949973 0.80168 -0.509663
-1.9 -1.1 0 0.851039 0.750589 -0.401103
-1.9 -1 0 0.849426 0.800907 -0.282969
-1.9 -0.9 0 0.947621 0.917922 -0.235381
-1.9 -0.8 0 1.05735 1.02261 -0.268822
-1.9 -0.7 0 1.12252 1.07369 -0.327466
-1.9 -0.6 0 1.15421 1.09759 -0.357064
-1.9 -0.5 0 1.20048 1.14686 -0.354765
-1.9 -0.4 0 1.29545 1.24533 -0.356851
-1.9 -0.3 0 1.42885 1.37362 -0.393404
-1.9 -0.2 0 1.56231 1.49308 -0.459897
-1.9 -0.1 0 1.65826 1.57339 -0.523695
-1.9 6.38378e-16 0 1.69288 1.60112 -0.549792
-1.9 0.1 0 1.65826 1.57339 -0.523695
-1.9 0.2 0 1.56231 1.49308 -0.459897
-1.9 0.3 0 1.42885 1.37362 -0.393404
-1.9 0.4 0 1.29545 1.24533 -0.356851
-1.9 0.5 0 1.20048 1.14686 -0.354765
-1.9 0.6 0 1.15421 1.09759 -0.357064
-1.9 0.7 0 1.12252 1.07369 -0.327466
-1.9 0.8 0 1.05735 1.02261 -0.268822
-1.9 0.9 0 0.947621 0.917922 -0.235381
-1.9 1 0 0.849426 0.800907 -0.282969
-1.9 1.1 0 0.851039 0.750589 -0.401103
-1.9 1.2 0 0.949973 0.80168 -0.509663
-1.9 1.3 0 1.05054 0.903879 -0.535394
-1.9 1.4 0 1.08623 0.973861 -0.481124
-1.9 1.5 0 1.05636 0.974232 -0.40836
-1.9 1.6 0 0.998457 0.927425 -0.369864
-1.9 1.7 0 0.953519 0.874559 -0.379927
-1.9 1.8 0 0.951817 0.85077 -0.426785
-1.9 1.9 0 0.998604 0.878688 -0.474465
-1.8 -2 0 0.939009 0.299199 0.890066
-1.8 -1.9 0 0.990936 0.269806 0.953498
-1.8 -1.8 0 1.04841 0.314091 1.00026
-1.8 -1.7 0 1.0506 0.370653 0.983045
-1.8 -1.6 0 1.00632 0.385633 0.929503
-1.8 -1.5 0 0.951733 0.352593 0.88401
-1.8 -1.4 0 0.924817 0.289721 0.878264
-1.8 -1.3 0 0.960594 0.234889 0.931434
-1.8 -1.2 0 1.05324 0.242531 1.02494
-1.8 -1.1 0 1.13909 0.334593 1.08884
-1.8 -1 0 1.15219 0.45748 1.05748
-1.8 -0.9 0 1.07706 0.522773 0.941681
-1.8 -0.8 0 0.957799 0.495437 0.819708
-1.8 -0.7 0 0.863476 0.421758 0.753466
-1.8 -0.6 0 0.819411 0.369087 0.73158
-1.8 -0.5 0 0.78272 0.356728 0.696703
-1.8 -0.4 0 0.704668 0.351429 0.610782
-1.8 -0.3 0 0.578793 0.315311 0.485366
-1.8 -0.2 0 0.437386 0.246312 0.361437
-1.8 -0.1 0 0.327888 0.177719 0.275548
-1.8 6.38378e-16 0 0.287296 0.149196 0.245519
-1.8 0.1 0 0.327888 0.177719 0.275548
-1.8 0.2 0 0.437386 0.246312 0.361437
-1.8 0.3 0 0.578793 0.315311 0.485366
-1.8 0.4 0 0.704668 0.351429 0.610782
-1.8 0.5 0 0.78272 0.356728 0.696703
-1.8 0.6 0 0.819411 0.369087 0.73158
-1.8 0.7 0 0.863476 0.421758 0.753466
-1.8 0.8 0 0.957799 0.495437 0.819708
-1.8 0.9 0 1.07706 0.522773 0.941681
-1.8 1 0 1.15219 0.45748 1.05748
-1.8 1.1 0 1.13909 0.334593 1.08884
-1.8 1.2 0 1.05324 0.242531 1.02494
-1.8 1.3 0 0.960594 0.234889 0.931434
-1.8 1.4 0 0.924817 0.289721 0.878264
-1.8 1.5 0 0.951733 0.352593 0.88401
-1.8 1.6 0 1.00632 0.385633 0.929503
-1.8 1.7 0 1.0506 0.370653 0.983045
-1.8 1.8 0 1.04841 0.314091 1.00026
-1.8 1.9 0 0.990936 0.269806 0.953498
-1.7 -2 0 1.06619 -1.04169 0.227262
-1.7 -1.9 0 1.03376 -0.992063 0.290649
-1.7 -1.8 0 0.958562 -0.921522 0.263889
-1.7 -1.7 0 0.941632 -0.921375 0.194264
-1.7 -1.6 0 0.992709 -0.978666 0.166384
-1.7 -1.5 0 1.04787 -1.02907 0.197596
-1.7 -1.4 0 1.06777 -1.03656 0.256239
-1.7 -1.3 0 1.04047 -0.994165 0.30695
-1.7 -1.2 0 0.964958 -0.913635 0.310506
-1.7 -1.1 0 0.877646 -0.844736 0.238084
-1.7 -1 0 0.864149 -0.855925 0.118938
-1.7 -0.9 0 0.962943 -0.962215 0.0374258
-1.7 -0.8 0 1.09863 -1.09739 0.0522359
-1.7 -0.7 0 1.19009 -1.1823 0.135959
-1.7 -0.6 0 1.22527 -1.20657 0.213247
-1.7 -0.5 0 1.2508 -1.22667 0.244503
-1.7 -0.4 0 1.32113 -1.29635 0.254682
-1.7 -0.3 0 1.4454 -1.41623 0.28891
-1.7 -0.2 0 1.58576 -1.54473 0.358405
-1.7 -0.1 0 1.69337 -1.63764 0.430847
-1.7 6.38378e-16 0 1.73333 -1.67073 0.461635
-1.7 0.1 0 1.69337 -1.63764 0.430847
-1.7 0.2 0 1.58576 -1.54473 0.358405
-1.7 0.3 0 1.4454 -1.41623 0.28891
-1.7 0.4 0 1.32113 -1.29635 0.254682
-1.7 0.5 0 1.2508 -1.22667 0.244503
-1.7 0.6 0 1.22527 -1.20657 0.213247
-1.7 0.7 0 1.19009 -1.1823 0.135959
-1.7 0.8 0 1.09863 -1.09739 0.0522359
-1.7 0.9 0 0.962943 -0.962215 0.0374258
-1.7 1 0 0.864149 -0.855925 0.118938
-1.7 1.1 0 0.877646 -0.844736 0.238084
-1.7 1.2 0 0.964958 -0.913635 0.310506
-1.7 1.3 0 1.04047 -0.994165 0.30695
-1.7 1.4 0 1.06777 -1.03656 0.256239
-1.7 1.5 0 1.04787 -1.02907 0.197596
-1.7 1.6 0 0.992709 -0.978666 0.166384
-1.7 1.7 0 0.941632 -0.921375 0.194264
-1.7 1.8 0 0.958562 -0.921522 0.263889
-1.7 1.9 0 1.03376 -0.992063 0.290649
-1.6 -2 0 0.944929 -0.16243 -0.930864
-1.6 -1.9 0 0.943633 -0.072445 -0.940848
-1.6 -1.8 0 1.02867 -0.0612321 -1.02684
-1.6 -1.7 0 1.06861 -0.135968 -1.05993
-1.6 -1.6 0 1.02294 -0.188492 -1.00542
-1.6 -1.5 0 0.954966 -0.16372 -0.940827
-1.6 -1.4 0 0.934203 -0.101113 -0.928715
-1.6 -1.3 0 0.96985 -0.0526661 -0.968419
-1.6 -1.2 0 1.03878 -0.0462349 -1.03775
-1.6 -1.1 0 1.10782 -0.101494 -1.10316
-1.6 -1 0 1.12776 -0.208583 -1.10831
-1.6 -0.9 0 1.06226 -0.300526 -1.01886
-1.6 -0.8 0 0.928889 -0.303127 -0.878037
-1.6 -0.7 0 0.802785 -0.216899 -0.772929
-1.6 -0.6 0 0.74936 -0.115607 -0.740389
-1.6 -0.5 0 0.736027 -0.060616 -0.733526
-1.6 -0.4 0 0.68509 -0.0423644 -0.683779
-1.6 -0.3 0 0.573208 -0.0110809 -0.573101
-1.6 -0.2 0 0.443943 0.0562593 -0.440364
-1.6 -0.1 0 0.363093 0.130932 -0.338663
-1.6 6.38378e-16 0 0.343017 0.16359 -0.301495
-1.6 0.1 0 0.363093 0.130932 -0.338663
-1.6 0.2 0 0.443943 0.0562593 -0.440364
-1.6 0.3 0 0.573208 -0.0110809 -0.573101
-1.6 0.4 0 0.68509 -0.0423644 -0.683779
-1.6 0.5 0 0.736027 -0.060616 -0.733526
-1.6 0.6 0 0.74936 -0.115607 -0.740389
-1.6 0.7 0 0.802785 -0.216899 -0.772929
-1.6 0.8 0 0.928889 -0.303127 -0.878037
-1.6 0.9 0 1.06226 -0.300526 -1.01886
-1.6 1 0 1.12776 -0.208583 -1.10831
-1.6 1.1 0 1.10782 -0.101494 -1.10316
-1.6 1.2 0 1.03878 -0.0462349 -1.03775
-1.6 1.3 0 0.96985 -0.0526661 -0.968419
-1.6 1.4 0 0.934203 -0.101113 -0.928715
-1.6 1.5 0 0.954966 -0.16372 -0.940827
-1.6 1.6 0 1.02294 -0.188492 -1.00542
-1.6 1.7 0 1.06861 -0.135968 -1.05993
-1.6 1.8 0 1.02867 -0.0612321 -1.02684
-1.6 1.9 0 0.943633 -0.072445 -0.940848
-1.5 -2 0 1.02847 1.027 0.0548973
-1.5 -1.9 0 1.07641 1.07595 -0.0314102
-1.5 -1.8 0 1.00644 1.00202 -0.094282
-1.5 -1.7 0 0.927747 0.926956 -0.0382962
-1.5 -1.6 0 0.96004 0.959004 0.0445936
-1.5 -1.5 0 1.04255 1.04171 0.0417866
-1.5 -1.4 0 1.07088 1.07051 -0.02825
-1.5 -1.3 0 1.0331 1.02966 -0.0841884
-1.5 -1.2 0 0.967001 0.962884 -0.0891413
-1.5 -1.1 0 0.906502 0.9055 -0.0426152
-1.5 -1 0 0.894109 0.89281 0.0481788
-1.5 -0.9 0 0.972482 0.962215 0.140934
-1.5 -0.8 0 1.1103 1.09845 0.161762
-1.5 -0.7 0 1.22416 1.22139 0.0821945
-1.5 -0.6 0 1.26923 1.26863 -0.0390076
-1.5 -0.5 0 1.27241 1.26652 -0.122242
-1.5 -0.4 0 1.30257 1.29347 -0.153741
-1.5 -0.3 0 1.40199 1.39012 -0.182076
-1.5 -0.2 0 1.5453 1.52592 -0.243974
-1.5 -0.1 0 1.66902 1.6384 -0.318232
-1.5 6.38378e-16 0 1.71743 1.68098 -0.35195
-1.5 0.1 0 1.66902 1.6384 -0.318232
-1.5 0.2 0 1.5453 1.52592 -0.243974
-1.5 0.3 0 1.40199 1.39012 -0.182076
-1.5 0.4 0 1.30257 1.29347 -0.153741
-1.5 0.5 0 1.27241 1.26652 -0.122242
-1.5 0.6 0 1.26923 1.26863 -0.0390076
-1.5 0.7 0 1.22416 1.22139 0.0821945
-1.5 0.8 0 1.1103 1.09845 0.161762
-1.5 0.9 0 0.972482 0.962215 0.140934
-1.5 1 0 0.894109 0.89281 0.0481788
-1.5 1.1 0 0.906502 0.9055 -0.0426152
-1.5 1.2 0 0.967001 0.962884 -0.0891413
-1.5 1.3 0 1.0331 1.02966 -0.0841884
-1.5 1.4 0 1.07088 1.07051 -0.02825
-1.5 1.5 0 1.04255 1.04171 0.0417866
-1.5 1.6 0 0.96004 0.959004 0.0445936
-1.5 1.7 0 0.927747 0.926956 -0.0382962
-1.5 1.8 0 1.00644 1.00202 -0.094282
-1.5 1.9 0 1.07641 1.07595 -0.0314102
-1.4 -2 0 1.02357 -0.0133256 1.02349
-1.4 -1.9 0 0.925627 -0.0506319 0.924241
-1.4 -1.8 0 0.959285 -0.153811 0.946873
-1.4 -1.7 0 1.06147 -0.14936 1.05091
-1.4 -1.6 0 1.06885 -0.0494533 1.06771
-1.4 -1.5 0 0.979313 -0.00967823 0.979266
-1.4 -1.4 0 0.920977 -0.0767511 0.917773
-1.4 -1.3 0 0.963997 -0.153103 0.951762
-1.4 -1.2 0 1.03999 -0.162473 1.02722
-1.4 -1.1 0 1.08713 -0.114217 1.08111
-1.4 -1 0 1.09178 -0.035786 1.09119
-1.4 -0.9 0 1.03878 0.0476223 1.03769
-1.4 -0.8 0 0.919607 0.0811117 0.916023
-1.4 -0.7 0 0.783207 0.0163822 0.783036
-1.4 -0.6 0 0.725753 -0.11623 0.716385
-1.4 -0.5 0 0.7559 -0.230085 0.720031
-1.4 -0.4 0 0.770078 -0.282068 0.716559
-1.4 -0.3 0 0.710659 -0.309521 0.639713
-1.4 -0.2 0 0.620257 -0.362291 0.503452
-1.4 -0.1 0 0.574169 -0.431971 0.378248
-1.4 6.38378e-16 0 0.569583 -0.465217 0.328631
-1.4 0.1 0 0.574169 -0.431971 0.378248
-1.4 0.2 0 0.620257 -0.362291 0.503452
-1.4 0.3 0 0.710659 -0.309521 0.639713
-1.4 0.4 0 0.770078 -0.282068 0.716559
-1.4 0.5 0 0.7559 -0.230085 0.720031
-1.4 0.6 0 0.725753 -0.11623 0.716385
-1.4 0.7 0 0.783207 0.0163822 0.783036
-1.4 0.8 0 0.919607 0.0811117 0.916023
-1.4 0.9 0 1.03878 0.0476223 1.03769
-1.4 1 0 1.09178 -0.035786 1.09119
-1.4 1.1 0 1.08713 -0.114217 1.08111
-1.4 1.2 0 1.03999 -0.162473 1.02722
-1.4 1.3 0 0.963997 -0.153103 0.951762
-1.4 1.4 0 0.920977 -0.0767511 0.917773
-1.4 1.5 0 0.979313 -0.00967823 0.979266
-1.4 1.6 0 1.06885 -0.0494533 1.06771
-1.4 1.7 0 1.06147 -0.14936 1.05091
-1.4 1.8 0 0.959285 -0.153811 0.946873
-1.4 1.9 0 0.925627 -0.0506319 0.924241
-1.3 -2 0 0.936089 -0.907955 -0.227771
-1.3 -1.9 0 1.04552 -1.00969 -0.271366
-1.3 -1.8 0 1.07808 -1.06404 -0.173449
-1.3 -1.7 0 0.979275 -0.973424 -0.106892
-1.3 -1.6 0 0.913097 -0.894038 -0.185585
-1.3 -1.5 0 0.994331 -0.954999 -0.276898
-1.3 -1.4 0 1.08184 -1.05476 -0.240547
-1.3 -1.3 0 1.05942 -1.05013 -0.14003
-1.3 -1.2 0 0.968775 -0.962723 -0.108122
-1.3 -1.1 0 0.911782 -0.897348 -0.161594
-1.3 -1 0 0.925556 -0.893736 -0.240605
-1.3 -0.9 0 0.992926 -0.943145 -0.31045
-1.3 -0.8 0 1.1013 -1.04595 -0.344746
-1.3 -0.7 0 1.21328 -1.17621 -0.297624
-1.3 -0.6 0 1.27263 -1.26179 -0.16577
-1.3 -0.5 0 1.26649 -1.26627 -0.0236961
-1.3 -0.4 0 1.25102 -1.24971 0.0571309
-1.3 -0.3 0 1.30407 -1.30102 0.0891411
-1.3 -0.2 0 1.43887 -1.43303 0.129461
-1.3 -0.1 0 1.58335 -1.57212 0.188297
-1.3 6.38378e-16 0 1.6451 -1.63055 0.218324
-1.3 0.1 0 1.58335 -1.57212 0.188297
-1.3 0.2 0 1.43887 -1.43303 0.129461
-1.3 0.3 0 1.30407 -1.30102 0.0891411
-1.3 0.4 0 1.25102 -1.24971 0.0571309
-1.3 0.5 0 1.26649 -1.26627 -0.0236961
-1.3 0.6 0 1.27263 -1.26179 -0.16577
-1.3 0.7 0 1.21328 -1.17621 -0.297624
-1.3 0.8 0 1.1013 -1.04595 -0.344746
-1.3 0.9 0 0.992926 -0.943145 -0.31045
-1.3 1 0 0.925556 -0.893736 -0.240605
-1.3 1.1 0 0.911782 -0.897348 -0.161594
-1.3 1.2 0 0.968775 -0.962723 -0.108122
-1.3 1.3 0 1.05942 -1.05013 -0.14003
-1.3 1.4 0 1.08184 -1.05476 -0.240547
-1.3 1.5 0 0.994331 -0.954999 -0.276898
-1.3 1.6 0 0.913097 -0.894038 -0.185585
-1.3 1.7 0 0.979275 -0.973424 -0.106892
-1.3 1.8 0 1.07808 -1.06404 -0.173449
-1.3 1.9 0 1.04552 -1.00969 -0.271366
-1.2 -2 0 1.08024 0.327977 -1.02925
-1.2 -1.9 0 1.0169 0.220839 -0.992633
-1.2 -1.8 0 0.916011 0.251505 -0.880807
-1.2 -1.7 0 0.974459 0.367667 -0.902436
-1.2 -1.6 0 1.0828 0.35863 -1.02169
-1.2 -1.5 0 1.05648 0.23885 -1.02913
-1.2 -1.4 0 0.937345 0.211001 -0.913288
-1.2 -1.3 0 0.91779 0.315637 -0.861808
-1.2 -1.2 0 1.02206 0.391444 -0.94413
-1.2 -1.1 0 1.09484 0.346573 -1.03854
-1.2 -1 0 1.07663 0.25193 -1.04674
-1.2 -0.9 0 1.00551 0.186831 -0.988004
-1.2 -0.8 0 0.911871 0.164526 -0.896906
-1.2 -0.7 0 0.807866 0.201205 -0.782409
-1.2 -0.6 0 0.75814 0.320547 -0.687042
-1.2 -0.5 0 0.821699 0.481197 -0.666062
-1.2 -0.4 0 0.915335 0.597507 -0.693415
-1.2 -0.3 0 0.929948 0.643929 -0.670938
-1.2 -0.2 0 0.867418 0.670474 -0.550344
-1.2 -0.1 0 0.813849 0.70966 -0.398413
-1.2 6.38378e-16 0 0.802682 0.731795 -0.32981
-1.2 0.1 0 0.813849 0.70966 -0.398413
-1.2 0.2 0 0.867418 0.670474 -0.550344
-1.2 0.3 0 0.929948 0.643929 -0.670938
-1.2 0.4 0 0.915335 0.597507 -0.693415
-1.2 0.5 0 0.821699 0.481197 -0.666062
-1.2 0.6 0 0.75814 0.320547 -0.687042
-1.2 0.7 0 0.807866 0.201205 -0.782409
-1.2 0.8 0 0.911871 0.164526 -0.896906
-1.2 0.9 0 1.00551 0.186831 -0.988004
-1.2 1 0 1.07663 0.25193 -1.04674
-1.2 1.1 0 1.09484 0.346573 -1.03854
-1.2 1.2 0 1.02206 0.391444 -0.94413
-1.2 1.3 0 0.91779 0.315637 -0.861808
-1.2 1.4 0 0.937345 0.211001 -0.913288
-1.2 1.5 0 1.05648 0.23885 -1.02913
-1.2 1.6 0 1.0828 0.35863 -1.02169
-1.2 1.7 0 0.974459 0.367667 -0.902436
-1.2 1.8 0 0.916011 0.251505 -0.880807
-1.2 1.9 0 1.0169 0.220839 -0.992633
-1.1 -2 0 0.955165 0.900788 0.31768
-1.1 -1.9 0 0.93392 0.837784 0.412704
-1.1 -1.8 0 1.05048 0.934436 0.479929
-1.1 -1.7 0 1.07821 1.00779 0.383291
-1.1 -1.6 0 0.962132 0.913546 0.301881
-1.1 -1.5 0 0.910299 0.822327 0.390412
-1.1 -1.4 0 1.02661 0.900654 0.4927
-1.1 -1.3 0 1.10185 1.01422 0.430632
-1.1 -1.2 0 1.02384 0.976457 0.307854
-1.1 -1.1 0 0.906484 0.851323 0.311387
-1.1 -1 0 0.915099 0.81144 0.423052
-1.1 -0.9 0 1.01606 0.881092 0.506016
-1.1 -0.8 0 1.10617 0.979487 0.514013
-1.1 -0.7 0 1.17309 1.07455 0.470616
-1.1 -0.6 0 1.21874 1.16213 0.367111
-1.1 -0.5 0 1.21738 1.20013 0.204249
-1.1 -0.4 0 1.17746 1.17629 0.0526534
-1.1 -0.3 0 1.17349 1.17329 -0.02169
-1.1 -0.2 0 1.27441 1.27385 -0.0377827
-1.1 -0.1 0 1.43368 1.43293 -0.0463702
-1.1 6.38378e-16 0 1.51206 1.51113 -0.0532617
-1.1 0.1 0 1.43368 1.43293 -0.0463702
-1.1 0.2 0 1.27441 1.27385 -0.0377827
-1.1 0.3 0 1.17349 1.17329 -0.02169
-1.1 0.4 0 1.17746 1.17629 0.0526534
-1.1 0.5 0 1.21738 1.20013 0.204249
-1.1 0.6 0 1.21874 1.16213 0.367111
-1.1 0.7 0 1.17309 1.07455 0.470616
-1.1 0.8 0 1.10617 0.979487 0.514013
-1.1 0.9 0 1.01606 0.881092 0.506016
-1.1 1 0 0.915099 0.81144 0.423052
-1.1 1.1 0 0.906484 0.851323 0.311387
-1.1 1.2 0 1.02384 0.976457 0.307854
-1.1 1.3 0 1.10185 1.01422 0.430632
-1.1 1.4 0 1.02661 0.900654 0.4927
-1.1 1.5 0 0.910299 0.822327 0.390412
-1.1 1.6 0 0.962132 0.913546 0.301881
-1.1 1.7 0 1.07821 1.00779 0.383291
-1.1 1.8 0 1.05048 0.934436 0.479929
-1.1 1.9 0 0.93392 0.837784 0.412704
-1 -2 0 0.98124 -0.544496 0.816307
-1 -1.9 0 1.07864 -0.54622 0.930107
-1 -1.8 0 1.0239 -0.428286 0.930019
-1 -1.7 0 0.914222 -0.42835 0.807662
-1 -1.6 0 0.978149 -0.555183 0.805324
-1 -1.5 0 1.09244 -0.562869 0.936267
-1 -1.4 0 1.0449 -0.428841 0.95284
-1 -1.3 0 0.909984 -0.399179 0.817757
-1 -1.2 0 0.935707 -0.531575 0.77005
-1 -1.1 0 1.07725 -0.602799 0.892804
-1 -1 0 1.11175 -0.502462 0.991729
-1 -0.9 0 1.00889 -0.378918 0.935033
-1 -0.8 0 0.888954 -0.365508 0.810336
-1 -0.7 0 0.839285 -0.432507 0.719262
-1 -0.6 0 0.846011 -0.533417 0.656659
-1 -0.5 0 0.919596 -0.682978 0.615791
-1 -0.4 0 1.06001 -0.85759 0.623018
-1 -0.3 0 1.162 -0.971884 0.636943
-1 -0.2 0 1.13672 -0.988009 0.562116
-1 -0.1 0 1.03966 -0.955608 0.409527
-1 6.38378e-16 0 0.992911 -0.93737 0.327429
-1 0.1 0 1.03966 -0.955608 0.409527
-1 0.2 0 1.13672 -0.988009 0.562116
-1 0.3 0 1.162 -0.971884 0.636943
-1 0.4 0 1.06001 -0.85759 0.623018
-1 0.5 0 0.919596 -0.682978 0.615791
-1 0.6 0 0.846011 -0.533417 0.656659
-1 0.7 0 0.839285 -0.432507 0.719262
-1 0.8 0 0.888954 -0.365508 0.810336
-1 0.9 0 1.00889 -0.378918 0.935033
-1 1 0 1.11175 -0.502462 0.991729
-1 1.1 0 1.07725 -0.602799 0.892804
-1 1.2 0 0.935707 -0.531575 0.77005
-1 1.3 0 0.909984 -0.399179 0.817757
-1 1.4 0 1.0449 -0.428841 0.95284
-1 1.5 0 1.09244 -0.562869 0.936267
-1 1.6 0 0.978149 -0.555183 0.805324
-1 1.7 0 0.914222 -0.42835 0.807662
-1 1.8 0 1.0239 -0.428286 0.930019
-1 1.9 0 1.07864 -0.54622 0.930107
-0.9 -2 0 1.07394 -0.887594 -0.604587
-0.9 -1.9 0 0.976305 -0.836856 -0.502835
-0.9 -1.8 0 0.923862 -0.734378 -0.560545
-0.9 -1.7 0 1.03883 -0.798422 -0.664593
-0.9 -1.6 0 1.08337 -0.905181 -0.595262
-0.9 -1.5 0 0.962872 -0.832147 -0.484411
-0.9 -1.4 0 0.908034 -0.715661 -0.558888
-0.9 -1.3 0 1.04294 -0.788491 -0.682644
-0.9 -1.2 0 1.10802 -0.921201 -0.61571
-0.9 -1.1 0 0.98683 -0.866347 -0.472522
-0.9 -1 0 0.873652 -0.712442 -0.505661
-0.9 -0.9 0 0.972404 -0.709059 -0.665436
-0.9 -0.8 0 1.12077 -0.855707 -0.723799
-0.9 -0.7 0 1.16471 -0.975188 -0.636831
-0.9 -0.6 0 1.13494 -1.01349 -0.510794
-0.9 -0.5 0 1.09586 -1.03009 -0.373946
-0.9 -0.4 0 1.05733 -1.03847 -0.198816
-0.9 -0.3 0 1.03997 -1.039 -0.044981
-0.9 -0.2 0 1.09413 -1.09405 -0.0133762
-0.9 -0.1 0 1.22004 -1.21674 -0.0895851
-0.9 6.38378e-16 0 1.29467 -1.28692 -0.141451
-0.9 0.1 0 1.22004 -1.21674 -0.0895851
-0.9 0.2 0 1.09413 -1.09405 -0.0133762
-0.9 0.3 0 1.03997 -1.039 -0.044981
-0.9 0.4 0 1.05733 -1.03847 -0.198816
-0.9 0.5 0 1.09586 -1.03009 -0.373946
-0.9 0.6 0 1.13494 -1.01349 -0.510794
-0.9 0.7 0 1.16471 -0.975188 -0.636831
-0.9 0.8 0 1.12077 -0.855707 -0.723799
-0.9 0.9 0 0.972404 -0.709059 -0.665436
-0.9 1 0 0.873652 -0.712442 -0.505661
-0.9 1.1 0 0.98683 -0.866347 -0.472522
-0.9 1.2 0 1.10802 -0.921201 -0.61571
-0.9 1.3 0 1.04294 -0.788491 -0.682644
-0.9 1.4 0 0.908034 -0.715661 -0.558888
-0.9 1.5 0 0.962872 -0.832147 -0.484411
-0.9 1.6 0 1.08337 -0.905181 -0.595262
-0.9 1.7 0 1.03883 -0.798422 -0.664593
-0.9 1.8 0 0.923862 -0.734378 -0.560545
-0.9 1.9 0 0.976305 -0.836856 -0.502835
-0.8 -2 0 0.948927 0.585234 -0.74697
-0.8 -1.9 0 0.948791 0.671048 -0.670744
-0.8 -1.8 0 1.06591 0.742451 -0.764801
-0.8 -1.7 0 1.04935 0.640094 -0.831519
-0.8 -1.6 0 0.923648 0.577523 -0.720828
-0.8 -1.5 0 0.960464 0.696465 -0.661383
-0.8 -1.4 0 1.09105 0.754343 -0.788258
-0.8 -1.3 0 1.04955 0.620203 -0.846704
-0.8 -1.2 0 0.900426 0.55838 -0.706384
-0.8 -1.1 0 0.949095 0.703258 -0.637346
-0.8 -1 0 1.10961 0.785214 -0.784015
-0.8 -0.9 0 1.09595 0.642894 -0.887583
-0.8 -0.8 0 0.917378 0.506466 -0.764902
-0.8 -0.7 0 0.824054 0.574313 -0.590957
-0.8 -0.6 0 0.924817 0.746467 -0.545961
-0.8 -0.5 0 1.06666 0.898455 -0.574931
-0.8 -0.4 0 1.20577 1.05935 -0.575892
-0.8 -0.3 0 1.34217 1.2297 -0.537841
-0.8 -0.2 0 1.36801 1.28189 -0.477701
-0.8 -0.1 0 1.24781 1.17763 -0.4126
-0.8 6.38378e-16 0 1.16262 1.09799 -0.38223
-0.8 0.1 0 1.24781 1.17763 -0.4126
-0.8 0.2 0 1.36801 1.28189 -0.477701
-0.8 0.3 0 1.34217 1.2297 -0.537841
-0.8 0.4 0 1.20577 1.05935 -0.575892
-0.8 0.5 0 1.06666 0.898455 -0.574931
-0.8 0.6 0 0.924817 0.746467 -0.545961
-0.8 0.7 0 0.824054 0.574313 -0.590957
-0.8 0.8 0 0.917378 0.506466 -0.764902
-0.8 0.9 0 1.09595 0.642894 -0.887583
-0.8 1 0 1.10961 0.785214 -0.784015
-0.8 1.1 0 0.949095 0.703258 -0.637346
-0.8 1.2 0 0.900426 0.55838 -0.706384
-0.8 1.3 0 1.04955 0.620203 -0.846704
-0.8 1.4 0 1.09105 0.754343 -0.788258
-0.8 1.5 0 0.960464 0.696465 -0.661383
-0.8 1.6 0 0.923648 0.577523 -0.720828
-0.8 1.7 0 1.04935 0.640094 -0.831519
-0.8 1.8 0 1.06591 0.742451 -0.764801
-0.8 1.9 0 0.948791 0.671048 -0.670744
-0.7 -2 0 0.969773 0.600217 0.761709
-0.7 -1.9 0 1.07617 0.706715 0.8116
-0.7 -1.8 0 1.02289 0.747482 0.698263
-0.7 -1.7 0 0.916047 0.627523 0.667351
-0.7 -1.6 0 0.999357 0.607029 0.79387
-0.7 -1.5 0 1.09261 0.740223 0.803658
-0.7 -1.4 0 0.993473 0.739417 0.663514
-0.7 -1.3 0 0.897254 0.591948 0.674287
-0.7 -1.2 0 1.03053 0.611484 0.829504
-0.7 -1.1 0 1.11602 0.775004 0.803031
-0.7 -1 0 0.975245 0.744349 0.630117
-0.7 -0.9 0 0.865401 0.559738 0.660009
-0.7 -0.8 0 1.03619 0.578196 0.859876
-0.7 -0.7 0 1.183 0.793904 0.87705
-0.7 -0.6 0 1.11912 0.895183 0.671629
-0.7 -0.5 0 0.94945 0.828917 0.462982
-0.7 -0.4 0 0.839429 0.785254 0.296678
-0.7 -0.3 0 0.873483 0.861028 0.146979
-0.7 -0.2 0 0.958174 0.952215 0.106698
-0.7 -0.1 0 0.967732 0.947095 0.198785
-0.7 6.38378e-16 0 0.955208 0.917279 0.266499
-0.7 0.1 0 0.967732 0.947095 0.198785
-0.7 0.2 0 0.958174 0.952215 0.106698
-0.7 0.3 0 0.873483 0.861028 0.146979
-0.7 0.4 0 0.839429 0.785254 0.296678
-0.7 0.5 0 0.94945 0.828917 0.462982
-0.7 0.6 0 1.11912 0.895183 0.671629
-0.7 0.7 0 1.183 0.793904 0.87705
-0.7 0.8 0 1.03619 0.578196 0.859876
-0.7 0.9 0 0.865401 0.559738 0.660009
-0.7 1 0 0.975245 0.744349 0.630117
-0.7 1.1 0 1.11602 0.775004 0.803031
-0.7 1.2 0 1.03053 0.611484 0.829504
-0.7 1.3 0 0.897254 0.591948 0.674287
-0.7 1.4 0 0.993473 0.739417 0.663514
-0.7 1.5 0 1.09261 0.740223 0.803658
-0.7 1.6 0 0.999357 0.607029 0.79387
-0.7 1.7 0 0.916047 0.627523 0.667351
-0.7 1.8 0 1.02289 0.747482 0.698263
-0.7 1.9 0 1.07617 0.706715 0.8116
-0.6 -2 0 1.08047 -0.87582 0.632729
-0.6 -1.9 0 1.00601 -0.757739 0.661734
-0.6 -1.8 0 0.915192 -0.740124 0.538323
-0.6 -1.7 0 1.01869 -0.86801 0.533181
-0.6 -1.6 0 1.08659 -0.859541 0.664731
-0.6 -1.5 0 0.968062 -0.725018 0.641477
-0.6 -1.4 0 0.915707 -0.764212 0.504479
-0.6 -1.3 0 1.06325 -0.903427 0.560648
-0.6 -1.2 0 1.08669 -0.82948 0.702041
-0.6 -1.1 0 0.917705 -0.685836 0.609762
-0.6 -1 0 0.922033 -0.796936 0.463722
-0.6 -0.9 0 1.11731 -0.946031 0.594473
-0.6 -0.8 0 1.09209 -0.794384 0.749408
-0.6 -0.7 0 0.850514 -0.624698 0.577172
-0.6 -0.6 0 0.883626 -0.803873 0.366856
-0.6 -0.5 0 1.1894 -1.10357 0.443631
-0.6 -0.4 0 1.42764 -1.32593 0.529207
-0.6 -0.3 0 1.48653 -1.42276 0.430733
-0.6 -0.2 0 1.4368 -1.39428 0.346973
-0.6 -0.1 0 1.4166 -1.36142 0.391533
-0.6 6.38378e-16 0 1.42718 -1.35736 0.440944
-0.6 0.1 0 1.4166 -1.36142 0.391533
-0.6 0.2 0 1.4368 -1.39428 0.346973
-0.6 0.3 0 1.48653 -1.42276 0.430733
-0.6 0.4 0 1.42764 -1.32593 0.529207
-0.6 0.5 0 1.1894 -1.10357 0.443631
-0.6 0.6 0 0.883626 -0.803873 0.366856
-0.6 0.7 0 0.850514 -0.624698 0.577172
-0.6 0.8 0 1.09209 -0.794384 0.749408
-0.6 0.9 0 1.11731 -0.946031 0.594473
-0.6 1 0 0.922033 -0.796936 0.463722
-0.6 1.1 0 0.917705 -0.685836 0.609762
-0.6 1.2 0 1.08669 -0.82948 0.702041
-0.6 1.3 0 1.06325 -0.903427 0.560648
-0.6 1.4 0 0.915707 -0.764212 0.504479
-0.6 1.5 0 0.968062 -0.725018 0.641477
-0.6 1.6 0 1.08659 -0.859541 0.664731
-0.6 1.7 0 1.01869 -0.86801 0.533181
-0.6 1.8 0 0.915192 -0.740124 0.538323
-0.6 1.9 0 1.00601 -0.757739 0.661734
-0.5 -2 0 0.996645 -0.572964 -0.815484
-0.5 -1.9 0 0.915847 -0.449092 -0.79818
-0.5 -1.8 0 1.02811 -0.444113 -0.927245
-0.5 -1.7 0 1.08513 -0.577235 -0.918863
-0.5 -1.6 0 0.959322 -0.554358 -0.782934
-0.5 -1.5 0 0.921346 -0.41696 -0.821598
-0.5 -1.4 0 1.06936 -0.472926 -0.959102
-0.5 -1.3 0 1.07363 -0.609231 -0.88404
-0.5 -1.2 0 0.908737 -0.512992 -0.750094
-0.5 -1.1 0 0.950213 -0.382424 -0.86986
-0.5 -1 0 1.12744 -0.528407 -0.99594
-0.5 -0.9 0 1.04542 -0.648236 -0.820179
-0.5 -0.8 0 0.833366 -0.436651 -0.709813
-0.5 -0.7 0 1.02779 -0.341545 -0.969382
-0.5 -0.6 0 1.23727 -0.67679 -1.03576
-0.5 -0.5 0 0.838737 -0.649057 -0.53123
-0.5 -0.4 0 0.644178 -0.599528 -0.235651
-0.5 -0.3 0 0.706428 -0.653687 -0.267832
-0.5 -0.2 0 0.705379 -0.641959 -0.292315
-0.5 -0.1 0 0.69408 -0.63499 -0.280241
-0.5 6.38378e-16 0 0.690813 -0.636875 -0.267606
-0.5 0.1 0 0.69408 -0.63499 -0.280241
-0.5 0.2 0 0.705379 -0.641959 -0.292315
-0.5 0.3 0 0.706428 -0.653687 -0.267832
-0.5 0.4 0 0.644178 -0.599528 -0.235651
-0.5 0.5 0 0.838737 -0.649057 -0.53123
-0.5 0.6 0 1.23727 -0.67679 -1.03576
-0.5 0.7 0 1.02779 -0.341545 -0.969382
-0.5 0.8 0 0.833366 -0.436651 -0.709813
-0.5 0.9 0 1.04542 -0.648236 -0.820179
-0.5 1 0 1.12744 -0.528407 -0.99594
-0.5 1.1 0 0.950213 -0.382424 -0.86986
-0.5 1.2 0 0.908737 -0.512992 -0.750094
-0.5 1.3 0 1.07363 -0.609231 -0.88404
-0.5 1.4 0 1.06936 -0.472926 -0.959102
-0.5 1.5 0 0.921346 -0.41696 -0.821598
-0.5 1.6 0 0.959322 -0.554358 -0.782934
-0.5 1.7 0 1.08513 -0.577235 -0.918863
-0.5 1.8 0 1.02811 -0.444113 -0.927245
-0.5 1.9 0 0.915847 -0.449092 -0.79818
-0.4 -2 0 0.918058 0.843064 -0.363419
-0.4 -1.9 0 1.02772 0.968135 -0.344858
-0.4 -1.8 0 1.08469 0.974452 -0.476433
-0.4 -1.7 0 0.959919 0.837227 -0.46957
-0.4 -1.6 0 0.918655 0.858237 -0.327655
-0.4 -1.5 0 1.06769 1.00377 -0.363869
-0.4 -1.4 0 1.0801 0.951107 -0.51187
-0.4 -1.3 0 0.915183 0.801838 -0.441153
-0.4 -1.2 0 0.939199 0.89275 -0.291706
-0.4 -1.1 0 1.11789 1.04165 -0.405751
-0.4 -1 0 1.05732 0.900473 -0.554139
-0.4 -0.9 0 0.84209 0.751327 -0.380295
-0.4 -0.8 0 0.992689 0.966365 -0.22709
-0.4 -0.7 0 1.23749 1.13214 -0.49964
-0.4 -0.6 0 1.04236 0.76321 -0.709943
-0.4 -0.5 0 0.340041 0.294887 -0.16932
-0.4 -0.4 0 0.0787933 0.0656246 0.0436096
-0.4 -0.3 0 0.0824195 0.0805593 0.0174119
-0.4 -0.2 0 0.0843584 0.0811324 0.0231057
-0.4 -0.1 0 0.0826805 0.0796315 0.0222463
-0.4 6.38378e-16 0 0.0818776 0.0791426 0.0209853
-0.4 0.1 0 0.0826805 0.0796315 0.0222463
-0.4 0.2 0 0.0843584 0.0811324 0.0231057
-0.4 0.3 0 0.0824195 0.0805593 0.0174119
-0.4 0.4 0 0.0787933 0.0656246 0.0436096
-0.4 0.5 0 0.340041 0.294887 -0.16932
-0.4 0.6 0 1.04236 0.76321 -0.709943
-0.4 0.7 0 1.23749 1.13214 -0.49964
-0.4 0.8 0 0.992689 0.966365 -0.22709
-0.4 0.9 0 0.84209 0.751327 -0.380295
-0.4 1 0 1.05732 0.900473 -0.554139
-0.4 1.1 0 1.11789 1.04165 -0.405751
-0.4 1.2 0 0.939199 0.89275 -0.291706
-0.4 1.3 0 0.915183 0.801838 -0.441153
-0.4 1.4 0 1.0801 0.951107 -0.51187
-0.4 1.5 0 1.06769 1.00377 -0.363869
-0.4 1.6 0 0.918655 0.858237 -0.327655
-0.4 1.7 0 0.959919 0.837227 -0.46957
-0.4 1.8 0 1.08469 0.974452 -0.476433
-0.4 1.9 0 1.02772 0.968135 -0.344858
-0.3 -2 0 1.01582 0.238231 0.987494
-0.3 -1.9 0 1.08438 0.358952 1.02325
-0.3 -1.8 0 0.973039 0.384239 0.89396
-0.3 -1.7 0 0.91382 0.246643 0.879906
-0.3 -1.6 0 1.05436 0.244519 1.02562
-0.3 -1.5 0 1.09051 0.398256 1.01519
-0.3 -1.4 0 0.931988 0.374713 0.853342
-0.3 -1.3 0 0.913669 0.204405 0.890511
-0.3 -1.2 0 1.10027 0.255716 1.07014
-0.3 -1.1 0 1.09892 0.446492 1.00413
-0.3 -1 0 0.878004 0.365317 0.798395
-0.3 -0.9 0 0.904623 0.136755 0.894227
-0.3 -0.8 0 1.18664 0.242369 1.16162
-0.3 -0.7 0 1.21525 0.580222 1.06779
-0.3 -0.6 0 0.845227 0.586248 0.60887
-0.3 -0.5 0 0.216523 0.0962899 0.193935
-0.3 -0.4 0 0.0309226 -0.0285628 -0.0118479
-0.3 -0.3 0 0.00764549 -0.00758534 -0.000957211
-0.3 -0.2 0 0.0101961 -0.0101321 -0.00114065
-0.3 -0.1 0 0.00984715 -0.00976325 -0.00128271
-0.3 6.38378e-16 0 0.00972896 -0.00965826 -0.00117072
-0.3 0.1 0 0.00984715 -0.00976325 -0.00128271
-0.3 0.2 0 0.0101961 -0.0101321 -0.00114065
-0.3 0.3 0 0.00764549 -0.00758534 -0.000957211
-0.3 0.4 0 0.0309226 -0.0285628 -0.0118479
-0.3 0.5 0 0.216523 0.0962899 0.193935
-0.3 0.6 0 0.845227 0.586248 0.60887
-0.3 0.7 0 1.21525 0.580222 1.06779
-0.3 0.8 0 1.18664 0.242369 1.16162
-0.3 0.9 0 0.904623 0.136755 0.894227
-0.3 1 0 0.878004 0.365317 0.798395
-0.3 1.1 0 1.09892 0.446492 1.00413
-0.3 1.2 0 1.10027 0.255716 1.07014
-0.3 1.3 0 0.913669 0.204405 0.890511
-0.3 1.4 0 0.931988 0.374713 0.853342
-0.3 1.5 0 1.09051 0.398256 1.01519
-0.3 1.6 0 1.05436 0.244519 1.02562
-0.3 1.7 0 0.91382 0.246643 0.879906
-0.3 1.8 0 0.973039 0.384239 0.89396
-0.3 1.9 0 1.08438 0.358952 1.02325
-0.2 -2 0 1.08397 -1.0601 0.226252
-0.2 -1.9 0 0.998112 -0.953678 0.294492
-0.2 -1.8 0 0.909169 -0.891575 0.177997
-0.2 -1.7 0 1.02564 -1.01833 0.12225
-0.2 -1.6 0 1.09886 -1.06775 0.259619
-0.2 -1.5 0 0.96786 -0.919172 0.303111
-0.2 -1.4 0 0.892099 -0.880662 0.142392
-0.2 -1.3 0 1.0603 -1.05488 0.107054
-0.2 -1.2 0 1.12988 -1.09024 0.296655
-0.2 -1.1 0 0.945168 -0.882839 0.337548
-0.2 -1 0 0.834072 -0.826828 0.109691
-0.2 -0.9 0 1.0768 -1.07659 0.0214113
-0.2 -0.8 0 1.26188 -1.22874 0.287306
-0.2 -0.7 0 1.13075 -0.983148 0.558576
-0.2 -0.6 0 0.718432 -0.539461 0.474474
-0.2 -0.5 0 0.17426 -0.161402 0.0656957
-0.2 -0.4 0 0.0184071 0.0121297 -0.0138453
-0.2 -0.3 0 0.00190639 0.000893588 0.00168399
-0.2 -0.2 0 0.00114335 0.00112699 -0.000192757
-0.2 -0.1 0 0.00118769 0.00118766 -7.69335e-06
-0.2 6.38378e-16 0 0.00115509 0.0011549 -2.11028e-05
-0.2 0.1 0 0.00118769 0.00118766 -7.69335e-06
-0.2 0.2 0 0.00114335 0.00112699 -0.000192757
-0.2 0.3 0 0.00190639 0.000893588 0.00168399
-0.2 0.4 0 0.0184071 0.0121297 -0.0138453
-0.2 0.5 0 0.17426 -0.161402 0.0656957
-0.2 0.6 0 0.718432 -0.539461 0.474474
-0.2 0.7 0 1.13075 -0.983148 0.558576
-0.2 0.8 0 1.26188 -1.22874 0.287306
-0.2 0.9 0 1.0768 -1.07659 0.0214113
-0.2 1 0 0.834072 -0.826828 0.109691
-0.2 1.1 0 0.945168 -0.882839 0.337548
-0.2 1.2 0 1.12988 -1.09024 0.296655
-0.2 1.3 0 1.0603 -1.05488 0.107054
-0.2 1.4 0 0.892099 -0.880662 0.142392
-0.2 1.5 0 0.96786 -0.919172 0.303111
-0.2 1.6 0 1.09886 -1.06775 0.259619
-0.2 1.7 0 1.02564 -1.01833 0.12225
-0.2 1.8 0 0.909169 -0.891575 0.177997
-0.2 1.9 0 0.998112 -0.953678 0.294492
-0.1 -2 0 1.02957 -0.192337 -1.01144
-0.1 -1.9 0 0.910826 -0.118118 -0.903134
-0.1 -1.8 0 0.986406 -0.00954508 -0.98636
-0.1 -1.7 0 1.10058 -0.10164 -1.09588
-0.1 -1.6 0 1.01771 -0.213253 -0.995114
-0.1 -1.5 0 0.885737 -0.104161 -0.879591
-0.1 -1.4 0 0.99654 0.0180282 -0.996377
-0.1 -1.3 0 1.13423 -0.105163 -1.12934
-0.1 -1.2 0 1.03436 -0.25493 -1.00245
-0.1 -1.1 0 0.837437 -0.130105 -0.827269
-0.1 -1 0 0.941287 0.0819112 -0.937716
-0.1 -0.9 0 1.19855 0.0117102 -1.19849
-0.1 -0.8 0 1.25556 -0.298125 -1.21966
-0.1 -0.7 0 1.03788 -0.492899 -0.913366
-0.1 -0.6 0 0.629873 -0.381724 -0.501026
-0.1 -0.5 0 0.149624 -0.0429122 -0.143339
-0.1 -0.4 0 0.0145853 0.0101406 0.0104832
-0.1 -0.3 0 0.00157022 -0.00151782 -0.000402261
-0.1 -0.2 0 4.8127e-06 2.59206e-07 -4.80571e-06
-0.1 -0.1 0 0.000151837 -0.000148486 3.17251e-05
-0.1 6.38378e-16 0 0.000136886 -0.000135546 1.91047e-05
-0.1 0.1 0 0.000151837 -0.000148486 3.17251e-05
-0.1 0.2 0 4.8127e-06 2.59206e-07 -4.80571e-06
-0.1 0.3 0 0.00157022 -0.00151782 -0.000402261
-0.1 0.4 0 0.0145853 0.0101406 0.0104832
-0.1 0.5 0 0.149624 -0.0429122 -0.143339
-0.1 0.6 0 0.629873 -0.381724 -0.501026
-0.1 0.7 0 1.03788 -0.492899 -0.913366
-0.1 0.8 0 1.25556 -0.298125 -1.21966
-0.1 0.9 0 1.19855 0.0117102 -1.19849
-0.1 1 0 0.941287 0.0819112 -0.937716
-0.1 1.1 0 0.837437 -0.130105 -0.827269
-0.1 1.2 0 1.03436 -0.25493 -1.00245
-0.1 1.3 0 1.13423 -0.105163 -1.12934
-0.1 1.4 0 0.99654 0.0180282 -0.996377
-0.1 1.5 0 0.885737 -0.104161 -0.879591
-0.1 1.6 0 1.01771 -0.213253 -0.995114
-0.1 1.7 0 1.10058 -0.10164 -1.09588
-0.1 1.8 0 0.986406 -0.00954508 -0.98636
-0.1 1.9 0 0.910826 -0.118118 -0.903134
6.38378e-16 -2 0 0.926154 0.924354 -0.0577113
6.38378e-16 -1.9 0 0.945246 0.941786 0.0808063
6.38378e-16 -1.8 0 1.0876 1.08596 0.0597855
6.38378e-16 -1.7 0 1.06676 1.06287 -0.0910528
6.38378e-16 -1.6 0 0.906588 0.904028 -0.0680844
6.38378e-16 -1.5 0 0.929156 0.923715 0.100402
6.38378e-16 -1.4 0 1.10722 1.10366 0.0886668
6.38378e-16 -1.3 0 1.11176 1.10686 -0.104311
6.38378e-16 -1.2 0 0.910347 0.900593 -0.132907
6.38378e-16 -1.1 0 0.835334 0.831199 0.083015
6.38378e-16 -1 0 1.06537 1.04359 0.21432
6.38378e-16 -0.9 0 1.26051 1.25989 0.0393905
6.38378e-16 -0.8 0 1.22273 1.19324 -0.266915
6.38378e-16 -0.7 0 0.962831 0.869176 -0.414218
6.38378e-16 -0.6 0 0.569749 0.480493 -0.30617
6.38378e-16 -0.5 0 0.13379 0.131373 -0.0253138
6.38378e-16 -0.4 0 0.0128737 -0.0100926 0.00799206
6.38378e-16 -0.3 0 0.00126394 0.000531263 -0.00114687
6.38378e-16 -0.2 0 0.000118886 2.36089e-05 0.000116518
6.38378e-16 -0.1 0 1.77378e-05 9.407e-06 -1.50379e-05
6.38378e-16 6.38378e-16 0 1.82147e-05 1.78127e-05 -3.8057e-06
6.38378e-16 0.1 0 1.77378e-05 9.407e-06 -1.50379e-05
6.38378e-16 0.2 0 0.000118886 2.36089e-05 0.000116518
6.38378e-16 0.3 0 0.00126394 0.000531263 -0.00114687
6.38378e-16 0.4 0 0.0128737 -0.0100926 0.00799206
6.38378e-16 0.5 0 0.13379 0.131373 -0.0253138
6.38378e-16 0.6 0 0.569749 0.480493 -0.30617
6.38378e-16 0.7 0 0.962831 0.869176 -0.414218
6.38378e-16 0.8 0 1.22273 1.19324 -0.266915
6.38378e-16 0.9 0 1.26051 1.25989 0.0393905
6.38378e-16 1 0 1.06537 1.04359 0.21432
6.38378e-16 1.1 0 0.835334 0.831199 0.083015
6.38378e-16 1.2 0 0.910347 0.900593 -0.132907
6.38378e-16 1.3 0 1.11176 1.10686 -0.104311
6.38378e-16 1.4 0 1.10722 1.10366 0.0886668
6.38378e-16 1.5 0 0.929156 0.923715 0.100402
6.38378e-16 1.6 0 0.906588 0.904028 -0.0680844
6.38378e-16 1.7 0 1.06676 1.06287 -0.0910528
6.38378e-16 1.8 0 1.0876 1.08596 0.0597855
6.38378e-16 1.9 0 0.945246 0.941786 0.0808063
0.1 -2 0 0.912843 -0.144969 0.901258
0.1 -1.9 0 1.05495 -0.203699 1.03509
0.1 -1.8 0 1.10055 -0.0649054 1.09864
0.1 -1.7 0 0.955483 0.0064347 0.955461
0.1 -1.6 0 0.883603 -0.139932 0.872453
0.1 -1.5 0 1.04743 -0.23956 1.01967
0.1 -1.4 0 1.14605 -0.0959001 1.14203
0.1 -1.3 0 1.01148 0.0561697 1.00992
0.1 -1.2 0 0.823178 -0.0504356 0.821631
0.1 -1.1 0 0.922383 -0.277141 0.879763
0.1 -1 0 1.17305 -0.30154 1.13364
0.1 -0.9 0 1.28145 -0.0627674 1.27991
0.1 -0.8 0 1.17167 0.21853 1.15111
0.1 -0.7 0 0.891724 0.331965 0.82763
0.1 -0.6 0 0.519168 0.23782 0.461494
0.1 -0.5 0 0.121016 0.0103471 0.120573
0.1 -0.4 0 0.0115499 -0.00613258 -0.00978737
0.1 -0.3 0 0.0011072 0.000947047 0.000573574
0.1 -0.2 0 0.000107932 -0.000107698 -7.09419e-06
0.1 -0.1 0 8.57489e-06 7.9631e-06 -3.18086e-06
0.1 6.38378e-16 0 4.45775e-06 -3.63747e-06 2.57688e-06
0.1 0.1 0 8.57489e-06 7.9631e-06 -3.18086e-06
0.1 0.2 0 0.000107932 -0.000107698 -7.09419e-06
0.1 0.3 0 0.0011072 0.000947047 0.000573574
0.1 0.4 0 0.0115499 -0.00613258 -0.00978737
0.1 0.5 0 0.121016 0.0103471 0.120573
0.1 0.6 0 0.519168 0.23782 0.461494
0.1 0.7 0 0.891724 0.331965 0.82763
0.1 0.8 0 1.17167 0.21853 1.15111
0.1 0.9 0 1.28145 -0.0627674 1.27991
0.1 1 0 1.17305 -0.30154 1.13364
0.1 1.1 0 0.922383 -0.277141 0.879763
0.1 1.2 0 0.823178 -0.0504356 0.821631
0.1 1.3 0 1.01148 0.0561697 1.00992
0.1 1.4 0 1.14605 -0.0959001 1.14203
0.1 1.5 0 1.04743 -0.23956 1.01967
0.1 1.6 0 0.883603 -0.139932 0.872453
0.1 1.7 0 0.955483 0.0064347 0.955461
0.1 1.8 0 1.10055 -0.0649054 1.09864
0.1 1.9 0 1.05495 -0.203699 1.03509
0.2 -2 0 1.00595 -0.956447 -0.311691
0.2 -1.9 0 1.10877 -1.08313 -0.237076
0.2 -1.8 0 1.01802 -1.013 -0.101015
0.2 -1.7 0 0.880819 -0.865637 -0.162833
0.2 -1.6 0 0.969202 -0.913756 -0.323115
0.2 -1.5 0 1.1272 -1.08758 -0.296222
0.2 -1.4 0 1.09771 -1.09213 -0.110612
0.2 -1.3 0 0.903403 -0.901301 -0.0615891
0.2 -1.2 0 0.82948 -0.793328 -0.242215
0.2 -1.1 0 1.02407 -0.934093 -0.419756
0.2 -1 0 1.23041 -1.17453 -0.366583
0.2 -0.9 0 1.27108 -1.2661 -0.112359
0.2 -0.8 0 1.12503 -1.11559 0.14546
0.2 -0.7 0 0.842042 -0.803555 0.251662
0.2 -0.6 0 0.48597 -0.450702 0.181754
0.2 -0.5 0 0.112762 -0.112753 -0.00145518
0.2 -0.4 0 0.010727 0.00961461 -0.0047569
0.2 -0.3 0 0.00102602 -0.000606925 0.000827265
0.2 -0.2 0 9.57284e-05 8.73178e-06 -9.53293e-05
0.2 -0.1 0 6.23994e-06 1.99787e-06 5.91146e-06
0.2 6.38378e-16 0 4.90981e-06 4.8369e-06 8.43021e-07
0.2 0.1 0 6.23994e-06 1.99787e-06 5.91146e-06
0.2 0.2 0 9.57284e-05 8.73178e-06 -9.53293e-05
0.2 0.3 0 0.00102602 -0.000606925 0.000827265
0.2 0.4 0 0.010727 0.00961461 -0.0047569
0.2 0.5 0 0.112762 -0.112753 -0.00145518
0.2 0.6 0 0.48597 -0.450702 0.181754
0.2 0.7 0 0.842042 -0.803555 0.251662
0.2 0.8 0 1.12503 -1.11559 0.14546
0.2 0.9 0 1.27108 -1.2661 -0.112359
0.2 1 0 1.23041 -1.17453 -0.366583
0.2 1.1 0 1.02407 -0.934093 -0.419756
0.2 1.2 0 0.82948 -0.793328 -0.242215
0.2 1.3 0 0.903403 -0.901301 -0.0615891
0.2 1.4 0 1.09771 -1.09213 -0.110612
0.2 1.5 0 1.1272 -1.08758 -0.296222
0.2 1.6 0 0.969202 -0.913756 -0.323115
0.2 1.7 0 0.880819 -0.865637 -0.162833
0.2 1.8 0 1.01802 -1.013 -0.101015
0.2 1.9 0 1.10877 -1.08313 -0.237076
0.3 -2 0 1.08708 0.395168 -1.01271
0.3 -1.9 0 1.07312 0.254454 -1.04252
0.3 -1.8 0 0.924151 0.208262 -0.900379
0.3 -1.7 0 0.902964 0.348748 -0.832898
0.3 -1.6 0 1.06296 0.442878 -0.966308
0.3 -1.5 0 1.1396 0.325507 -1.09213
0.3 -1.4 0 1.01815 0.165114 -1.00467
0.3 -1.3 0 0.837564 0.202878 -0.812622
0.3 -1.2 0 0.878481 0.411523 -0.77613
0.3 -1.1 0 1.10843 0.544621 -0.965399
0.3 -1 0 1.27382 0.437945 -1.19617
0.3 -0.9 0 1.2609 0.164313 -1.25015
0.3 -0.8 0 1.07752 -0.0819025 -1.07441
0.3 -0.7 0 0.786593 -0.17681 -0.766464
0.3 -0.6 0 0.449049 -0.124348 -0.431489
0.3 -0.5 0 0.103818 0.0134543 -0.102943
0.3 -0.4 0 0.00976235 0.00305134 0.00927323
0.3 -0.3 0 0.00102458 -0.000673162 -0.000772404
0.3 -0.2 0 0.00017047 0.00015523 7.04543e-05
0.3 -0.1 0 3.23793e-05 -1.82827e-05 2.67239e-05
0.3 6.38378e-16 0 6.01019e-05 -3.2191e-05 -5.07541e-05
0.3 0.1 0 3.23793e-05 -1.82827e-05 2.67239e-05
0.3 0.2 0 0.00017047 0.00015523 7.04543e-05
0.3 0.3 0 0.00102458 -0.000673162 -0.000772404
0.3 0.4 0 0.00976235 0.00305134 0.00927323
0.3 0.5 0 0.103818 0.0134543 -0.102943
0.3 0.6 0 0.449049 -0.124348 -0.431489
0.3 0.7 0 0.786593 -0.17681 -0.766464
0.3 0.8 0 1.07752 -0.0819025 -1.07441
0.3 0.9 0 1.2609 0.164313 -1.25015
0.3 1 0 1.27382 0.437945 -1.19617
0.3 1.1 0 1.10843 0.544621 -0.965399
0.3 1.2 0 0.878481 0.411523 -0.77613
0.3 1.3 0 0.837564 0.202878 -0.812622
0.3 1.4 0 1.01815 0.165114 -1.00467
0.3 1.5 0 1.1396 0.325507 -1.09213
0.3 1.6 0 1.06296 0.442878 -0.966308
0.3 1.7 0 0.902964 0.348748 -0.832898
0.3 1.8 0 0.924151 0.208262 -0.900379
0.3 1.9 0 1.07312 0.254454 -1.04252
0.4 -2 0 1.1025 1.01522 0.429911
0.4 -1.9 0 0.994447 0.946485 0.305107
0.4 -1.8 0 0.881332 0.806325 0.355791
0.4 -1.7 0 0.9756 0.831279 0.510657
0.4 -1.6 0 1.12512 0.997225 0.521
0.4 -1.5 0 1.11112 1.05368 0.352623
0.4 -1.4 0 0.930706 0.89918 0.240183
0.4 -1.3 0 0.80863 0.726837 0.354388
0.4 -1.2 0 0.956823 0.76457 0.575276
0.4 -1.1 0 1.18844 0.994164 0.651167
0.4 -1 0 1.29279 1.19602 0.490756
0.4 -0.9 0 1.2237 1.20364 0.220666
0.4 -0.8 0 1.02579 1.02578 0.00435523
0.4 -0.7 0 0.754113 0.74811 -0.0949642
0.4 -0.6 0 0.434806 0.427016 -0.0819366
0.4 -0.5 0 0.10046 0.0986537 0.0189656
0.4 -0.4 0 0.00819212 -0.00749715 0.00330205
0.4 -0.3 0 0.000339741 4.45556e-05 0.000336807
0.4 -0.2 0 0.000737785 -0.000294474 -0.00067647
0.4 -0.1 0 0.000231631 0.000197086 -0.000121697
0.4 6.38378e-16 0 0.000568943 9.42174e-06 0.000568865
0.4 0.1 0 0.000231631 0.000197086 -0.000121697
0.4 0.2 0 0.000737785 -0.000294474 -0.00067647
0.4 0.3 0 0.000339741 4.45556e-05 0.000336807
0.4 0.4 0 0.00819212 -0.00749715 0.00330205
0.4 0.5 0 0.10046 0.0986537 0.0189656
0.4 0.6 0 0.434806 0.427016 -0.0819366
0.4 0.7 0 0.754113 0.74811 -0.0949642
0.4 0.8 0 1.02579 1.02578 0.00435523
0.4 0.9 0 1.2237 1.20364 0.220666
0.4 1 0 1.29279 1.19602 0.490756
0.4 1.1 0 1.18844 0.994164 0.651167
0.4 1.2 0 0.956823 0.76457 0.575276
0.4 1.3 0 0.80863 0.726837 0.354388
0.4 1.4 0 0.930706 0.89918 0.240183
0.4 1.5 0 1.11112 1.05368 0.352623
0.4 1.6 0 1.12512 0.997225 0.521
0.4 1.7 0 0.9756 0.831279 0.510657
0.4 1.8 0 0.881332 0.806325 0.355791
0.4 1.9 0 0.994447 0.946485 0.305107
0.5 -2 0 1.06266 -0.453824 0.960875
0.5 -1.9 0 0.915972 -0.39238 0.827673
0.5 -1.8 0 0.900134 -0.517633 0.736408
0.5 -1.7 0 1.06057 -0.642112 0.844103
0.5 -1.6 0 1.15069 -0.565542 1.00212
0.5 -1.5 0 1.04548 -0.379858 0.974027
0.5 -1.4 0 0.848528 -0.340632 0.777154
0.5 -1.3 0 0.835854 -0.517015 0.656771
0.5 -1.2 0 1.04649 -0.714405 0.7647
0.5 -1.1 0 1.23574 -0.728536 0.998148
0.5 -1 0 1.28382 -0.5503 1.15989
0.5 -0.9 0 1.19416 -0.300512 1.15573
0.5 -0.8 0 1.00005 -0.0825601 0.996636
0.5 -0.7 0 0.721686 0.0427337 0.720419
0.5 -0.6 0 0.39184 0.0387574 0.389918
0.5 -0.5 0 0.104004 -0.0511473 0.0905581
0.5 -0.4 0 0.0282253 -0.0105549 -0.0261775
0.5 -0.3 0 0.0102448 0.0101868 -0.00108815
0.5 -0.2 0 0.00728367 -0.00250773 0.00683835
0.5 -0.1 0 0.00189457 -0.00188862 -0.000149973
0.5 6.38378e-16 0 0.00543835 0.00279737 -0.00466373
0.5 0.1 0 0.00189457 -0.00188862 -0.000149973
0.5 0.2 0 0.00728367 -0.00250773 0.00683835
0.5 0.3 0 0.0102448 0.0101868 -0.00108815
0.5 0.4 0 0.0282253 -0.0105549 -0.0261775
0.5 0.5 0 0.104004 -0.0511473 0.0905581
0.5 0.6 0 0.39184 0.0387574 0.389918
0.5 0.7 0 0.721686 0.0427337 0.720419
0.5 0.8 0 1.00005 -0.0825601 0.996636
0.5 0.9 0 1.19416 -0.300512 1.15573
0.5 1 0 1.28382 -0.5503 1.15989
0.5 1.1 0 1.23574 -0.728536 0.998148
0.5 1.2 0 1.04649 -0.714405 0.7647
0.5 1.3 0 0.835854 -0.517015 0.656771
0.5 1.4 0 0.848528 -0.340632 0.777154
0.5 1.5 0 1.04548 -0.379858 0.974027
0.5 1.6 0 1.15069 -0.565542 1.00212
0.5 1.7 0 1.06057 -0.642112 0.844103
0.5 1.8 0 0.900134 -0.517633 0.736408
0.5 1.9 0 0.915972 -0.39238 0.827673
0.6 -2 0 0.987198 -0.858107 -0.488071
0.6 -1.9 0 0.873347 -0.706297 -0.513692
0.6 -1.8 0 0.97026 -0.695841 -0.676172
0.6 -1.7 0 1.12838 -0.859019 -0.731655
0.6 -1.6 0 1.12908 -0.966167 -0.584251
0.6 -1.5 0 0.957974 -0.858283 -0.425517
0.6 -1.4 0 0.80845 -0.661434 -0.464861
0.6 -1.3 0 0.899888 -0.605887 -0.665357
0.6 -1.2 0 1.11374 -0.751269 -0.822194
0.6 -1.1 0 1.25918 -0.970273 -0.802556
0.6 -1 0 1.27893 -1.11629 -0.624145
0.6 -0.9 0 1.17622 -1.11555 -0.372883
0.6 -0.8 0 0.963921 -0.953286 -0.142794
0.6 -0.7 0 0.671635 -0.671351 -0.0195513
0.6 -0.6 0 0.368256 -0.36721 -0.0277336
0.6 -0.5 0 0.152803 -0.126697 -0.0854198
0.6 -0.4 0 0.0732827 0.0158301 -0.0715525
0.6 -0.3 0 0.0317587 0.0317512 0.000690013
0.6 -0.2 0 0.0290102 -0.0068854 0.0281812
0.6 -0.1 0 0.0070128 -0.00701266 4.45366e-05
0.6 6.38378e-16 0 0.0224382 0.00715551 -0.0212667
0.6 0.1 0 0.0070128 -0.00701266 4.45366e-05
0.6 0.2 0 0.0290102 -0.0068854 0.0281812
0.6 0.3 0 0.0317587 0.0317512 0.000690013
0.6 0.4 0 0.0732827 0.0158301 -0.0715525
0.6 0.5 0 0.152803 -0.126697 -0.0854198
0.6 0.6 0 0.368256 -0.36721 -0.0277336
0.6 0.7 0 0.671635 -0.671351 -0.0195513
0.6 0.8 0 0.963921 -0.953286 -0.142794
0.6 0.9 0 1.17622 -1.11555 -0.372883
0.6 1 0 1.27893 -1.11629 -0.624145
0.6 1.1 0 1.25918 -0.970273 -0.802556
0.6 1.2 0 1.11374 -0.751269 -0.822194
0.6 1.3 0 0.899888 -0.605887 -0.665357
0.6 1.4 0 0.80845 -0.661434 -0.464861
0.6 1.5 0 0.957974 -0.858283 -0.425517
0.6 1.6 0 1.12908 -0.966167 -0.584251
0.6 1.7 0 1.12838 -0.859019 -0.731655
0.6 1.8 0 0.97026 -0.695841 -0.676172
0.6 1.9 0 0.873347 -0.706297 -0.513692
0.7 -2 0 0.908806 0.550663 -0.722978
0.7 -1.9 0 0.893318 0.657627 -0.604603
0.7 -1.8 0 1.05527 0.8071 -0.679845
0.7 -1.7 0 1.15493 0.779028 -0.852624
0.7 -1.6 0 1.07061 0.599971 -0.8867
0.7 -1.5 0 0.88195 0.494993 -0.729944
0.7 -1.4 0 0.814439 0.590452 -0.560961
0.7 -1.3 0 0.964927 0.789399 -0.554917
0.7 -1.2 0 1.16298 0.916234 -0.716262
0.7 -1.1 0 1.27916 0.879483 -0.928851
0.7 -1 0 1.27581 0.693686 -1.07074
0.7 -0.9 0 1.15016 0.43454 -1.06491
0.7 -0.8 0 0.919456 0.204737 -0.896371
0.7 -0.7 0 0.629955 0.0873163 -0.623874
0.7 -0.6 0 0.3579 0.0873031 -0.347089
0.7 -0.5 0 0.185067 0.125239 -0.136254
0.7 -0.4 0 0.105852 0.105651 -0.00652972
0.7 -0.3 0 0.0475937 0.0177424 0.044163
0.7 -0.2 0 0.0489445 -0.0391177 0.0294172
0.7 -0.1 0 0.010889 -0.00706186 -0.00828855
0.7 6.38378e-16 0 0.0384318 0.0282824 -0.0260214
0.7 0.1 0 0.010889 -0.00706186 -0.00828855
0.7 0.2 0 0.0489445 -0.0391177 0.0294172
0.7 0.3 0 0.0475937 0.0177424 0.044163
0.7 0.4 0 0.105852 0.105651 -0.00652972
0.7 0.5 0 0.185067 0.125239 -0.136254
0.7 0.6 0 0.3579 0.0873031 -0.347089
0.7 0.7 0 0.629955 0.0873163 -0.623874
0.7 0.8 0 0.919456 0.204737 -0.896371
0.7 0.9 0 1.15016 0.43454 -1.06491
0.7 1 0 1.27581 0.693686 -1.07074
0.7 1.1 0 1.27916 0.879483 -0.928851
0.7 1.2 0 1.16298 0.916234 -0.716262
0.7 1.3 0 0.964927 0.789399 -0.554917
0.7 1.4 0 0.814439 0.590452 -0.560961
0.7 1.5 0 0.88195 0.494993 -0.729944
0.7 1.6 0 1.07061 0.599971 -0.8867
0.7 1.7 0 1.15493 0.779028 -0.852624
0.7 1.8 0 1.05527 0.8071 -0.679845
0.7 1.9 0 0.893318 0.657627 -0.604603
0.8 -2 0 0.869523 0.582327 0.645729
0.8 -1.9 0 0.960275 0.53219 0.799313
0.8 -1.8 0 1.11902 0.667985 0.897773
0.8 -1.7 0 1.14099 0.812209 0.801355
0.8 -1.6 0 0.999452 0.779323 0.625748
0.8 -1.5 0 0.833531 0.603076 0.57539
0.8 -1.4 0 0.845319 0.466806 0.704738
0.8 -1.3 0 1.02392 0.495062 0.896285
0.8 -1.2 0 1.20447 0.667568 1.00255
0.8 -1.1 0 1.2952 0.878814 0.951442
0.8 -1 0 1.26707 1.01663 0.756256
0.8 -0.9 0 1.11875 1.00471 0.492108
0.8 -0.8 0 0.874497 0.833409 0.264906
0.8 -0.7 0 0.592259 0.572089 0.153247
0.8 -0.6 0 0.356236 0.323864 0.14838
0.8 -0.5 0 0.217713 0.144446 0.162894
0.8 -0.4 0 0.121964 0.0202714 0.120268
0.8 -0.3 0 0.0683873 -0.0594616 0.0337809
0.8 -0.2 0 0.0648551 -0.0613294 -0.0210925
0.8 -0.1 0 0.0162081 0.00834127 -0.013897
0.8 6.38378e-16 0 0.0534009 0.0533429 0.00248653
0.8 0.1 0 0.0162081 0.00834127 -0.013897
0.8 0.2 0 0.0648551 -0.0613294 -0.0210925
0.8 0.3 0 0.0683873 -0.0594616 0.0337809
0.8 0.4 0 0.121964 0.0202714 0.120268
0.8 0.5 0 0.217713 0.144446 0.162894
0.8 0.6 0 0.356236 0.323864 0.14838
0.8 0.7 0 0.592259 0.572089 0.153247
0.8 0.8 0 0.874497 0.833409 0.264906
0.8 0.9 0 1.11875 1.00471 0.492108
0.8 1 0 1.26707 1.01663 0.756256
0.8 1.1 0 1.2952 0.878814 0.951442
0.8 1.2 0 1.20447 0.667568 1.00255
0.8 1.3 0 1.02392 0.495062 0.896285
0.8 1.4 0 0.845319 0.466806 0.704738
0.8 1.5 0 0.833531 0.603076 0.57539
0.8 1.6 0 0.999452 0.779323 0.625748
0.8 1.7 0 1.14099 0.812209 0.801355
0.8 1.8 0 1.11902 0.667985 0.897773
0.8 1.9 0 0.960275 0.53219 0.799313
0.9 -2 0 0.885929 -0.759159 0.45667
0.9 -1.9 0 1.03675 -0.918602 0.480644
0.9 -1.8 0 1.14976 -0.953008 0.643217
0.9 -1.7 0 1.10053 -0.813364 0.74136
0.9 -1.6 0 0.93165 -0.660011 0.657538
0.9 -1.5 0 0.812459 -0.656337 0.478866
0.9 -1.4 0 0.888474 -0.80625 0.373292
0.9 -1.3 0 1.07715 -0.988982 0.426813
0.9 -1.2 0 1.23916 -1.07999 0.607571
0.9 -1.1 0 1.30693 -1.01768 0.819997
0.9 -1 0 1.25442 -0.812173 0.956
0.9 -0.9 0 1.08189 -0.542168 0.936239
0.9 -0.8 0 0.826145 -0.322653 0.760533
0.9 -0.7 0 0.563191 -0.222637 0.517318
0.9 -0.6 0 0.369083 -0.206913 0.305629
0.9 -0.5 0 0.239194 -0.18769 0.148277
0.9 -0.4 0 0.128509 -0.127482 0.0162175
0.9 -0.3 0 0.0952188 -0.0564275 -0.0766978
0.9 -0.2 0 0.0750016 -0.00554975 -0.0747959
0.9 -0.1 0 0.0249709 0.0238131 0.00751541
0.9 6.38378e-16 0 0.0677394 0.0342467 0.0584447
0.9 0.1 0 0.0249709 0.0238131 0.00751541
0.9 0.2 0 0.0750016 -0.00554975 -0.0747959
0.9 0.3 0 0.0952188 -0.0564275 -0.0766978
0.9 0.4 0 0.128509 -0.127482 0.0162175
0.9 0.5 0 0.239194 -0.18769 0.148277
0.9 0.6 0 0.369083 -0.206913 0.305629
0.9 0.7 0 0.563191 -0.222637 0.517318
0.9 0.8 0 0.826145 -0.322653 0.760533
0.9 0.9 0 1.08189 -0.542168 0.936239
0.9 1 0 1.25442 -0.812173 0.956
0.9 1.1 0 1.30693 -1.01768 0.819997
0.9 1.2 0 1.23916 -1.07999 0.607571
0.9 1.3 0 1.07715 -0.988982 0.426813
0.9 1.4 0 0.888474 -0.80625 0.373292
0.9 1.5 0 0.812459 -0.656337 0.478866
0.9 1.6 0 0.93165 -0.660011 0.657538
0.9 1.7 0 1.10053 -0.813364 0.74136
0.9 1.8 0 1.14976 -0.953008 0.643217
0.9 1.9 0 1.03675 -0.918602 0.480644
1 -2 0 0.941077 -0.351665 -0.872902
1 -1.9 0 1.09902 -0.43731 -1.00827
1 -1.8 0 1.15023 -0.599277 -0.981787
1 -1.7 0 1.04556 -0.647092 -0.821258
1 -1.6 0 0.876181 -0.528228 -0.699048
1 -1.5 0 0.815199 -0.3577 -0.73253
1 -1.4 0 0.935383 -0.278266 -0.893033
1 -1.3 0 1.12398 -0.34874 -1.06851
1 -1.2 0 1.2704 -0.538058 -1.15083
1 -1.1 0 1.31616 -0.756797 -1.07682
1 -1 0 1.23419 -0.888735 -0.856374
1 -0.9 0 1.03591 -0.854713 -0.585302
1 -0.8 0 0.780822 -0.679882 -0.383983
1 -0.7 0 0.55178 -0.467741 -0.292711
1 -0.6 0 0.385009 -0.290184 -0.253032
1 -0.5 0 0.245051 -0.138887 -0.201893
1 -0.4 0 0.138989 0.00145335 -0.138981
1 -0.3 0 0.121681 0.0882563 -0.0837674
1 -0.2 0 0.0793471 0.0748371 -0.0263698
1 -0.1 0 0.0366173 -0.00315616 0.0364811
1 6.38378e-16 0 0.081664 -0.0469485 0.0668195
1 0.1 0 0.0366173 -0.00315616 0.0364811
1 0.2 0 0.0793471 0.0748371 -0.0263698
1 0.3 0 0.121681 0.0882563 -0.0837674
1 0.4 0 0.138989 0.00145335 -0.138981
1 0.5 0 0.245051 -0.138887 -0.201893
1 0.6 0 0.385009 -0.290184 -0.253032
1 0.7 0 0.55178 -0.467741 -0.292711
1 0.8 0 0.780822 -0.679882 -0.383983
1 0.9 0 1.03591 -0.854713 -0.585302
1 1 0 1.23419 -0.888735 -0.856374
1 1.1 0 1.31616 -0.756797 -1.07682
1 1.2 0 1.2704 -0.538058 -1.15083
1 1.3 0 1.12398 -0.34874 -1.06851
1 1.4 0 0.935383 -0.278266 -0.893033
1 1.5 0 0.815199 -0.3577 -0.73253
1 1.6 0 0.876181 -0.528228 -0.699048
1 1.7 0 1.04556 -0.647092 -0.821258
1 1.8 0 1.15023 -0.599277 -0.981787
1 1.9 0 1.09902 -0.43731 -1.00827
1.1 -2 0 1.00957 0.974147 -0.265078
1.1 -1.9 0 1.13759 1.06758 -0.392927
1.1 -1.8 0 1.12627 0.991336 -0.534551
1.1 -1.7 0 0.986735 0.82862 -0.535756
1.1 -1.6 0 0.839222 0.739152 -0.397426
1.1 -1.5 0 0.833171 0.798057 -0.239329
1.1 -1.4 0 0.98066 0.964456 -0.177532
1.1 -1.3 0 1.16883 1.13927 -0.261215
1.1 -1.2 0 1.3011 1.21512 -0.465123
1.1 -1.1 0 1.318 1.12253 -0.690687
1.1 -1 0 1.20112 0.88766 -0.809172
1.1 -0.9 0 0.986097 0.628217 -0.760086
1.1 -0.8 0 0.749633 0.449332 -0.600041
1.1 -0.7 0 0.553409 0.354295 -0.425131
1.1 -0.6 0 0.39146 0.28433 -0.269067
1.1 -0.5 0 0.242685 0.213798 -0.114834
1.1 -0.4 0 0.159378 0.157618 0.0236226
1.1 -0.3 0 0.143012 0.10921 0.0923341
1.1 -0.2 0 0.0792339 0.0373148 0.0698972
1.1 -0.1 0 0.0499773 -0.0497018 0.00524087
1.1 6.38378e-16 0 0.0952581 -0.0912012 -0.0275037
1.1 0.1 0 0.0499773 -0.0497018 0.00524087
1.1 0.2 0 0.0792339 0.0373148 0.0698972
1.1 0.3 0 0.143012 0.10921 0.0923341
1.1 0.4 0 0.159378 0.157618 0.0236226
1.1 0.5 0 0.242685 0.213798 -0.114834
1.1 0.6 0 0.39146 0.28433 -0.269067
1.1 0.7 0 0.553409 0.354295 -0.425131
1.1 0.8 0 0.749633 0.449332 -0.600041
1.1 0.9 0 0.986097 0.628217 -0.760086
1.1 1 0 1.20112 0.88766 -0.809172
1.1 1.1 0 1.318 1.12253 -0.690687
1.1 1.2 0 1.3011 1.21512 -0.465123
1.1 1.3 0 1.16883 1.13927 -0.261215
1.1 1.4 0 0.98066 0.964456 -0.177532
1.1 1.5 0 0.833171 0.798057 -0.239329
1.1 1.6 0 0.839222 0.739152 -0.397426
1.1 1.7 0 0.986735 0.82862 -0.535756
1.1 1.8 0 1.12627 0.991336 -0.534551
1.1 1.9 0 1.13759 1.06758 -0.392927
1.2 -2 0 1.07147 0.192152 1.0541
1.2 -1.9 0 1.15007 0.340062 1.09864
1.2 -1.8 0 1.08674 0.450134 0.98913
1.2 -1.7 0 0.934252 0.415508 0.836767
1.2 -1.6 0 0.819184 0.26917 0.773699
1.2 -1.5 0 0.857287 0.119542 0.848911
1.2 -1.4 0 1.02708 0.0686203 1.02478
1.2 -1.3 0 1.21603 0.170073 1.20408
1.2 -1.2 0 1.32667 0.393104 1.26709
1.2 -1.1 0 1.30558 0.616871 1.15065
1.2 -1 0 1.15796 0.714045 0.911599
1.2 -0.9 0 0.943642 0.659345 0.675074
1.2 -0.8 0 0.734691 0.526833 0.512072
1.2 -0.7 0 0.555541 0.384223 0.401246
1.2 -0.6 0 0.38649 0.236844 0.305416
1.2 -0.5 0 0.242785 0.0810048 0.228873
1.2 -0.4 0 0.18539 -0.0440854 0.180072
1.2 -0.3 0 0.157601 -0.0915557 0.12828
1.2 -0.2 0 0.0765882 -0.0654795 0.0397264
1.2 -0.1 0 0.0641749 -0.0165354 -0.062008
1.2 6.38378e-16 0 0.108537 0.00584306 -0.108379
1.2 0.1 0 0.0641749 -0.0165354 -0.062008
1.2 0.2 0 0.0765882 -0.0654795 0.0397264
1.2 0.3 0 0.157601 -0.0915557 0.12828
1.2 0.4 0 0.18539 -0.0440854 0.180072
1.2 0.5 0 0.242785 0.0810048 0.228873
1.2 0.6 0 0.38649 0.236844 0.305416
1.2 0.7 0 0.555541 0.384223 0.401246
1.2 0.8 0 0.734691 0.526833 0.512072
1.2 0.9 0 0.943642 0.659345 0.675074
1.2 1 0 1.15796 0.714045 0.911599
1.2 1.1 0 1.30558 0.616871 1.15065
1.2 1.2 0 1.32667 0.393104 1.26709
1.2 1.3 0 1.21603 0.170073 1.20408
1.2 1.4 0 1.02708 0.0686203 1.02478
1.2 1.5 0 0.857287 0.119542 0.848911
1.2 1.6 0 0.819184 0.26917 0.773699
1.2 1.7 0 0.934252 0.415508 0.836767
1.2 1.8 0 1.08674 0.450134 0.98913
1.2 1.9 0 1.15007 0.340062 1.09864
1.3 -2 0 1.11458 -1.10749 0.125512
1.3 -1.9 0 1.14083 -1.10753 0.273641
1.3 -1.8 0 1.0426 -0.981449 0.351829
1.3 -1.7 0 0.891819 -0.841942 0.294064
1.3 -1.6 0 0.808639 -0.79607 0.142022
1.3 -1.5 0 0.886981 -0.886958 -0.00630512
1.3 -1.4 0 1.08001 -1.07907 -0.0449286
1.3 -1.3 0 1.26239 -1.25972 0.0819766
1.3 -1.2 0 1.3391 -1.30028 0.320062
1.3 -1.1 0 1.27852 -1.16359 0.529783
1.3 -1 0 1.11434 -0.934702 0.606699
1.3 -0.9 0 0.915247 -0.723583 0.560452
1.3 -0.8 0 0.728159 -0.564626 0.459797
1.3 -0.7 0 0.550125 -0.433484 0.338717
1.3 -0.6 0 0.375836 -0.322136 0.1936
1.3 -0.5 0 0.251559 -0.247791 0.043378
1.3 -0.4 0 0.210782 -0.201797 -0.0608877
1.3 -0.3 0 0.16579 -0.139675 -0.0893155
1.3 -0.2 0 0.0734051 -0.0362215 -0.063846
1.3 -0.1 0 0.0786535 0.0730018 -0.0292764
1.3 6.38378e-16 0 0.121487 0.120545 -0.015096
1.3 0.1 0 0.0786535 0.0730018 -0.0292764
1.3 0.2 0 0.0734051 -0.0362215 -0.063846
1.3 0.3 0 0.16579 -0.139675 -0.0893155
1.3 0.4 0 0.210782 -0.201797 -0.0608877
1.3 0.5 0 0.251559 -0.247791 0.043378
1.3 0.6 0 0.375836 -0.322136 0.1936
1.3 0.7 0 0.550125 -0.433484 0.338717
1.3 0.8 0 0.728159 -0.564626 0.459797
1.3 0.9 0 0.915247 -0.723583 0.560452
1.3 1 0 1.11434 -0.934702 0.606699
1.3 1.1 0 1.27852 -1.16359 0.529783
1.3 1.2 0 1.3391 -1.30028 0.320062
1.3 1.3 0 1.26239 -1.25972 0.0819766
1.3 1.4 0 1.08001 -1.07907 -0.0449286
1.3 1.5 0 0.886981 -0.886958 -0.00630512
1.3 1.6 0 0.808639 -0.79607 0.142022
1.3 1.7 0 0.891819 -0.841942 0.294064
1.3 1.8 0 1.0426 -0.981449 0.351829
1.3 1.9 0 1.14083 -1.10753 0.273641
1.4 -2 0 1.13629 -0.0568859 -1.13486
1.4 -1.9 0 1.11938 -0.194215 -1.10241
1.4 -1.8 0 1.0006 -0.248164 -0.969335
1.4 -1.7 0 0.855268 -0.174062 -0.837369
1.4 -1.6 0 0.804776 -0.0111995 -0.804698
1.4 -1.5 0 0.928004 0.137994 -0.917686
1.4 -1.4 0 1.13846 0.15596 -1.12773
1.4 -1.3 0 1.29947 0.00110797 -1.29947
1.4 -1.2 0 1.33484 -0.2404 -1.31301
1.4 -1.1 0 1.24373 -0.428427 -1.16761
1.4 -1 0 1.07917 -0.494341 -0.95929
1.4 -0.9 0 0.898855 -0.467497 -0.767715
1.4 -0.8 0 0.720692 -0.394783 -0.602945
1.4 -0.7 0 0.536652 -0.28528 -0.454545
1.4 -0.6 0 0.366932 -0.142709 -0.338043
1.4 -0.5 0 0.268454 -0.00607705 -0.268385
1.4 -0.4 0 0.231871 0.0746146 -0.219538
1.4 -0.3 0 0.16877 0.0880102 -0.144005
1.4 -0.2 0 0.0714579 0.0653152 -0.0289855
1.4 -0.1 0 0.0930756 0.0422958 0.0829103
1.4 6.38378e-16 0 0.13409 0.0340405 0.129697
1.4 0.1 0 0.0930756 0.0422958 0.0829103
1.4 0.2 0 0.0714579 0.0653152 -0.0289855
1.4 0.3 0 0.16877 0.0880102 -0.144005
1.4 0.4 0 0.231871 0.0746146 -0.219538
1.4 0.5 0 0.268454 -0.00607705 -0.268385
1.4 0.6 0 0.366932 -0.142709 -0.338043
1.4 0.7 0 0.536652 -0.28528 -0.454545
1.4 0.8 0 0.720692 -0.394783 -0.602945
1.4 0.9 0 0.898855 -0.467497 -0.767715
1.4 1 0 1.07917 -0.494341 -0.95929
1.4 1.1 0 1.24373 -0.428427 -1.16761
1.4 1.2 0 1.33484 -0.2404 -1.31301
1.4 1.3 0 1.29947 0.00110797 -1.29947
1.4 1.4 0 1.13846 0.15596 -1.12773
1.4 1.5 0 0.928004 0.137994 -0.917686
1.4 1.6 0 0.804776 -0.0111995 -0.804698
1.4 1.7 0 0.855268 -0.174062 -0.837369
1.4 1.8 0 1.0006 -0.248164 -0.969335
1.4 1.9 0 1.11938 -0.194215 -1.10241
1.5 -2 0 1.14235 1.1422 0.0182755
1.5 -1.9 0 1.09382 1.08849 -0.107832
1.5 -1.8 0 0.959506 0.948471 -0.145106
1.5 -1.7 0 0.820368 0.81867 -0.052759
1.5 -1.6 0 0.813267 0.803452 0.125966
1.5 -1.5 0 0.982587 0.944753 0.270034
1.5 -1.4 0 1.19452 1.16608 0.259102
1.5 -1.3 0 1.32088 1.31831 0.082338
1.5 -1.2 0 1.31733 1.30877 -0.149922
1.5 -1.1 0 1.21024 1.16805 -0.316769
1.5 -1 0 1.05526 0.983089 -0.383545
1.5 -0.9 0 0.887412 0.801805 -0.380274
1.5 -0.8 0 0.70736 0.626925 -0.327602
1.5 -0.7 0 0.519195 0.468409 -0.223956
1.5 -0.6 0 0.364799 0.353989 -0.08815
1.5 -0.5 0 0.289291 0.287835 0.0289946
1.5 -0.4 0 0.247385 0.231716 0.0866418
1.5 -0.3 0 0.167942 0.142546 0.0887985
1.5 -0.2 0 0.0720213 0.0194394 0.0693482
1.5 -0.1 0 0.107242 -0.0921847 0.0547973
1.5 6.38378e-16 0 0.146331 -0.137323 0.0505471
1.5 0.1 0 0.107242 -0.0921847 0.0547973
1.5 0.2 0 0.0720213 0.0194394 0.0693482
1.5 0.3 0 0.167942 0.142546 0.0887985
1.5 0.4 0 0.247385 0.231716 0.0866418
1.5 0.5 0 0.289291 0.287835 0.0289946
1.5 0.6 0 0.364799 0.353989 -0.08815
1.5 0.7 0 0.519195 0.468409 -0.223956
1.5 0.8 0 0.70736 0.626925 -0.327602
1.5 0.9 0 0.887412 0.801805 -0.380274
1.5 1 0 1.05526 0.983089 -0.383545
1.5 1.1 0 1.21024 1.16805 -0.316769
1.5 1.2 0 1.31733 1.30877 -0.149922
1.5 1.3 0 1.32088 1.31831 0.082338
1.5 1.4 0 1.19452 1.16608 0.259102
1.5 1.5 0 0.982587 0.944753 0.270034
1.5 1.6 0 0.813267 0.803452 0.125966
1.5 1.7 0 0.820368 0.81867 -0.052759
1.5 1.8 0 0.959506 0.948471 -0.145106
1.5 1.9 0 1.09382 1.08849 -0.107832
1.6 -2 0 1.14051 -0.0983226 1.13627
1.6 -1.9 0 1.06555 0.0215466 1.06533
1.6 -1.8 0 0.914539 0.0431722 0.913519
1.6 -1.7 0 0.79025 -0.0737959 0.786797
1.6 -1.6 0 0.841159 -0.267125 0.797617
1.6 -1.5 0 1.04486 -0.395517 0.967106
1.6 -1.4 0 1.2395 -0.353597 1.188
1.6 -1.3 0 1.32623 -0.166617 1.31573
1.6 -1.2 0 1.29406 0.0484515 1.29315
1.6 -1.1 0 1.18397 0.200951 1.16679
1.6 -1 0 1.0395 0.277896 1.00166
1.6 -0.9 0 0.874445 0.296324 0.822707
1.6 -0.8 0 0.688105 0.255945 0.638733
1.6 -0.7 0 0.502888 0.156829 0.477808
1.6 -0.6 0 0.370593 0.0330625 0.369115
1.6 -0.5 0 0.309992 -0.06143 0.303844
1.6 -0.4 0 0.25742 -0.0981896 0.237958
1.6 -0.3 0 0.164627 -0.0919303 0.136568
1.6 -0.2 0 0.0756166 -0.0751503 0.0083852
1.6 -0.1 0 0.121038 -0.0662737 -0.101282
1.6 6.38378e-16 0 0.1582 -0.0645378 -0.144437
1.6 0.1 0 0.121038 -0.0662737 -0.101282
1.6 0.2 0 0.0756166 -0.0751503 0.0083852
1.6 0.3 0 0.164627 -0.0919303 0.136568
1.6 0.4 0 0.25742 -0.0981896 0.237958
1.6 0.5 0 0.309992 -0.06143 0.303844
1.6 0.6 0 0.370593 0.0330625 0.369115
1.6 0.7 0 0.502888 0.156829 0.477808
1.6 0.8 0 0.688105 0.255945 0.638733
1.6 0.9 0 0.874445 0.296324 0.822707
1.6 1 0 1.0395 0.277896 1.00166
1.6 1.1 0 1.18397 0.200951 1.16679
1.6 1.2 0 1.29406 0.0484515 1.29315
1.6 1.3 0 1.32623 -0.166617 1.31573
1.6 1.4 0 1.2395 -0.353597 1.188
1.6 1.5 0 1.04486 -0.395517 0.967106
1.6 1.6 0 0.841159 -0.267125 0.797617
1.6 1.7 0 0.79025 -0.0737959 0.786797
1.6 1.8 0 0.914539 0.0431722 0.913519
1.6 1.9 0 1.06555 0.0215466 1.06533
1.7 -2 0 1.13411 -1.12012 -0.177599
1.7 -1.9 0 1.03055 -1.02874 -0.061071
1.7 -1.8 0 0.864628 -0.862483 -0.0608649
1.7 -1.7 0 0.774557 -0.746505 -0.206562
1.7 -1.6 0 0.888205 -0.789851 -0.406256
1.7 -1.5 0 1.10487 -0.980134 -0.509985
1.7 -1.4 0 1.26915 -1.18956 -0.442368
1.7 -1.3 0 1.32025 -1.29495 -0.25721
1.7 -1.2 0 1.27216 -1.27071 -0.0606873
1.7 -1.1 0 1.1658 -1.16259 0.0864686
1.7 -1 0 1.02643 -1.01087 0.178082
1.7 -0.9 0 0.856769 -0.829862 0.213031
1.7 -0.8 0 0.665737 -0.641062 0.179572
1.7 -0.7 0 0.491637 -0.483947 0.0866189
1.7 -0.6 0 0.382492 -0.381938 -0.0205752
1.7 -0.5 0 0.327997 -0.31497 -0.0915202
1.7 -0.4 0 0.262693 -0.238547 -0.110013
1.7 -0.3 0 0.159957 -0.127092 -0.0971281
1.7 -0.2 0 0.082023 0.0037714 -0.0819362
1.7 -0.1 0 0.134403 0.110574 -0.0764048
1.7 6.38378e-16 0 0.169692 0.151687 -0.0760697
1.7 0.1 0 0.134403 0.110574 -0.0764048
1.7 0.2 0 0.082023 0.0037714 -0.0819362
1.7 0.3 0 0.159957 -0.127092 -0.0971281
1.7 0.4 0 0.262693 -0.238547 -0.110013
1.7 0.5 0 0.327997 -0.31497 -0.0915202
1.7 0.6 0 0.382492 -0.381938 -0.0205752
1.7 0.7 0 0.491637 -0.483947 0.0866189
1.7 0.8 0 0.665737 -0.641062 0.179572
1.7 0.9 0 0.856769 -0.829862 0.213031
1.7 1 0 1.02643 -1.01087 0.178082
1.7 1.1 0 1.1658 -1.16259 0.0864686
1.7 1.2 0 1.27216 -1.27071 -0.0606873
1.7 1.3 0 1.32025 -1.29495 -0.25721
1.7 1.4 0 1.26915 -1.18956 -0.442368
1.7 1.5 0 1.10487 -0.980134 -0.509985
1.7 1.6 0 0.888205 -0.789851 -0.406256
1.7 1.7 0 0.774557 -0.746505 -0.206562
1.7 1.8 0 0.864628 -0.862483 -0.0608649
1.7 1.9 0 1.03055 -1.02874 -0.061071
1.8 -2 0 1.12058 0.250865 -1.09214
1.8 -1.9 0 0.985057 0.140984 -0.974916
1.8 -1.8 0 0.815757 0.170128 -0.797819
1.8 -1.7 0 0.781708 0.342338 -0.70276
1.8 -1.6 0 0.946098 0.536993 -0.778935
1.8 -1.5 0 1.15467 0.612752 -0.978672
1.8 -1.4 0 1.28456 0.529353 -1.17041
1.8 -1.3 0 1.30949 0.35437 -1.26063
1.8 -1.2 0 1.2555 0.172643 -1.24357
1.8 -1.1 0 1.15287 0.0231737 -1.15264
1.8 -1 0 1.01156 -0.0831286 -1.00813
1.8 -0.9 0 0.834371 -0.128764 -0.824375
1.8 -0.8 0 0.643875 -0.0996532 -0.636117
1.8 -0.7 0 0.487174 -0.0158158 -0.486917
1.8 -0.6 0 0.397555 0.0717254 -0.391031
1.8 -0.5 0 0.342151 0.119724 -0.32052
1.8 -0.4 0 0.264121 0.122409 -0.234043
1.8 -0.3 0 0.154862 0.103865 -0.114866
1.8 -0.2 0 0.0906013 0.0890219 0.0168436
1.8 -0.1 0 0.14731 0.0849807 0.120326
1.8 6.38378e-16 0 0.180811 0.0852306 0.159463
1.8 0.1 0 0.14731 0.0849807 0.120326
1.8 0.2 0 0.0906013 0.0890219 0.0168436
1.8 0.3 0 0.154862 0.103865 -0.114866
1.8 0.4 0 0.264121 0.122409 -0.234043
1.8 0.5 0 0.342151 0.119724 -0.32052
1.8 0.6 0 0.397555 0.0717254 -0.391031
1.8 0.7 0 0.487174 -0.0158158 -0.486917
1.8 0.8 0 0.643875 -0.0996532 -0.636117
1.8 0.9 0 0.834371 -0.128764 -0.824375
1.8 1 0 1.01156 -0.0831286 -1.00813
1.8 1.1 0 1.15287 0.0231737 -1.15264
1.8 1.2 0 1.2555 0.172643 -1.24357
1.8 1.3 0 1.30949 0.35437 -1.26063
1.8 1.4 0 1.28456 0.529353 -1.17041
1.8 1.5 0 1.15467 0.612752 -0.978672
1.8 1.6 0 0.946098 0.536993 -0.778935
1.8 1.7 0 0.781708 0.342338 -0.70276
1.8 1.8 0 0.815757 0.170128 -0.797819
1.8 1.9 0 0.985057 0.140984 -0.974916
1.9 -2 0 1.09515 1.04848 0.316305
1.9 -1.9 0 0.930122 0.903351 0.22155
1.9 -1.8 0 0.778546 0.724563 0.284856
1.9 -1.7 0 0.811797 0.658054 0.475373
1.9 -1.6 0 1.00426 0.76109 0.655197
1.9 -1.5 0 1.19111 0.959408 0.705893
1.9 -1.4 0 1.29025 1.13301 0.617286
1.9 -1.3 0 1.29939 1.21682 0.455804
1.9 -1.2 0 1.24425 1.21168 0.282829
1.9 -1.1 0 1.14114 1.13411 0.126471
1.9 -1 0 0.99263 0.992595 0.00835767
1.9 -0.9 0 0.809173 0.808023 -0.0431215
1.9 -0.8 0 0.625574 0.625315 -0.0180153
1.9 -0.7 0 0.489182 0.486231 0.0536456
1.9 -0.6 0 0.413123 0.395329 0.119939
1.9 -0.5 0 0.352209 0.320337 0.146407
1.9 -0.4 0 0.262619 0.225064 0.135333
1.9 -0.3 0 0.150076 0.100416 0.111533
1.9 -0.2 0 0.100651 -0.0307475 0.0958391
1.9 -0.1 0 0.159748 -0.1307 0.0918527
1.9 6.38378e-16 0 0.191561 -0.167969 0.0920967
1.9 0.1 0 0.159748 -0.1307 0.0918527
1.9 0.2 0 0.100651 -0.0307475 0.0958391
1.9 0.3 0 0.150076 0.100416 0.111533
1.9 0.4 0 0.262619 0.225064 0.135333
1.9 0.5 0 0.352209 0.320337 0.146407
1.9 0.6 0 0.413123 0.395329 0.119939
1.9 0.7 0 0.489182 0.486231 0.0536456
1.9 0.8 0 0.625574 0.625315 -0.0180153
1.9 0.9 0 0.809173 0.808023 -0.0431215
1.9 1 0 0.99263 0.992595 0.00835767
1.9 1.1 0 1.14114 1.13411 0.126471
1.9 1.2 0 1.24425 1.21168 0.282829
1.9 1.3 0 1.29939 1.21682 0.455804
1.9 1.4 0 1.29025 1.13301 0.617286
1.9 1.5 0 1.19111 0.959408 0.705893
1.9 1.6 0 1.00426 0.76109 0.655197
1.9 1.7 0 0.811797 0.658054 0.475373
1.9 1.8 0 0.778546 0.724563 0.284856
1.9 1.9 0 0.930122 0.903351 0.22155
