X Y Z F R I
-0.916667 -0.916667 0 45362.8 45352.3 -977.314
-0.916667 -0.75 0 46375.8 45906.9 6578.44
-0.916667 -0.583333 0 26075.7 26006.5 1897.72
-0.916667 -0.416667 0 56544.3 55232.1 -12110.5
-0.916667 -0.25 0 50029.7 49951 -2804.82
-0.916667 -0.0833333 0 56987 56888.1 3356.03
-0.916667 0.0833333 0 61975.2 58238.2 21195.1
-0.916667 0.25 0 62358.8 62082.2 -5866.88
-0.916667 0.416667 0 58666.1 56166.5 16942.2
-0.916667 0.583333 0 60043 57053.5 -18709.9
-0.916667 0.75 0 39796 36232.5 16459.8
-0.916667 0.916667 0 53896.6 53846.6 -2322.33
-0.75 -0.916667 0 86589.7 85797.4 11686.6
-0.75 -0.75 0 92501 92291 -6229.8
-0.75 -0.583333 0 89199.9 89199.4 308.748
-0.75 -0.416667 0 110207 109996 6804.04
-0.75 -0.25 0 98289.6 98177.5 -4692.77
-0.75 -0.0833333 0 97790.9 97765.5 -2230.84
-0.75 0.0833333 0 94164.1 94157.1 1152.18
-0.75 0.25 0 90379.7 90369 -1391.81
-0.75 0.416667 0 95167.6 95051 -4710.12
-0.75 0.583333 0 95478.4 95302.5 5793.17
-0.75 0.75 0 104965 104961 992.359
-0.75 0.916667 0 75529.8 74769 10693.5
-0.583333 -0.916667 0 84924.1 84920.2 812.963
-0.583333 -0.75 0 88435.9 88368 -3465.63
-0.583333 -0.583333 0 92686.3 92053.2 10815.5
-0.583333 -0.416667 0 94501 94488.2 1553.33
-0.583333 -0.25 0 99274.6 99273.4 -500.566
-0.583333 -0.0833333 0 102539 102528 1486.52
-0.583333 0.0833333 0 96808.1 95818 13810.2
-0.583333 0.25 0 102985 102807 6055.17
-0.583333 0.416667 0 96906.3 96904.5 590.364
-0.583333 0.583333 0 97401.5 97401.1 -283.517
-0.583333 0.75 0 102978 102112 13324
-0.583333 0.916667 0 91798.6 91645.6 5298.15
-0.416667 -0.916667 0 90015.6 89614.3 -8491.13
-0.416667 -0.75 0 98788.6 98771.2 -1857.08
-0.416667 -0.583333 0 96359.3 96357 673.462
-0.416667 -0.416667 0 102075 102072 801.774
-0.416667 -0.25 0 97028.2 97027.8 -289.395
-0.416667 -0.0833333 0 102929 102909 -2036.61
-0.416667 0.0833333 0 99253.8 99253.7 83.489
-0.416667 0.25 0 96973.9 96966.2 1224.2
-0.416667 0.416667 0 96328.3 96325.8 -694.402
-0.416667 0.583333 0 97782.4 97709.3 -3778.95
-0.416667 0.75 0 96439.9 96439.7 212.746
-0.416667 0.916667 0 97905.3 97047.8 -12929.1
-0.25 -0.916667 0 100408 98542.2 -19267.8
-0.25 -0.75 0 98760 98743.4 1810.08
-0.25 -0.583333 0 98651.9 98641.2 1453.96
-0.25 -0.416667 0 92389.6 92010.8 8357.1
-0.25 -0.25 0 100581 100580 450.63
-0.25 -0.0833333 0 97927.3 97919.8 -1218.82
-0.25 0.0833333 0 99361.5 99358.3 -792.126
-0.25 0.25 0 97296 97293.6 676.669
-0.25 0.416667 0 98560.3 98459.8 -4450.29
-0.25 0.583333 0 95245.9 95243.9 625.963
-0.25 0.75 0 96520.3 96470 3115.62
-0.25 0.916667 0 95874.2 94991.9 -12977.4
-0.0833333 -0.916667 0 99971.3 99971.3 72.4379
-0.0833333 -0.75 0 102633 102448 -6154.46
-0.0833333 -0.583333 0 101022 101021 356.117
-0.0833333 -0.416667 0 96585.5 96582.1 -810.004
-0.0833333 -0.25 0 98430.4 98288.2 5289.84
-0.0833333 -0.0833333 0 99934.6 99910.9 2175.77
-0.0833333 0.0833333 0 98702 98699.8 -657.068
-0.0833333 0.25 0 97682.1 97645.4 -2677.43
-0.0833333 0.416667 0 96559.1 96556.4 -720.909
-0.0833333 0.583333 0 97481.5 97477.1 -920.722
-0.0833333 0.75 0 99600 99539.5 3472.16
-0.0833333 0.916667 0 86790.8 86775.8 -1616.87
0.0833333 -0.916667 0 88714.8 88665.5 -2958.98
0.0833333 -0.75 0 95828.6 95828.4 189.282
0.0833333 -0.583333 0 98432.3 98430 672.251
0.0833333 -0.416667 0 100589 100567 2066.44
0.0833333 -0.25 0 97204.2 97150.8 3219.94
0.0833333 -0.0833333 0 100161 100161 -112.365
0.0833333 0.0833333 0 97995.2 97978.3 -1821.07
0.0833333 0.25 0 107845 107784 3626.93
0.0833333 0.416667 0 98730.9 98724.1 1159.71
0.0833333 0.583333 0 97861.3 97860.9 -294.626
0.0833333 0.75 0 91966.8 91888.4 3796.96
0.0833333 0.916667 0 101148 100759 -8862.02
0.25 -0.916667 0 89411.1 89227.2 5731.93
0.25 -0.75 0 101538 101420 -4892.12
0.25 -0.583333 0 99007.2 98889.7 4822.19
0.25 -0.416667 0 98244.9 98233.8 -1471.15
0.25 -0.25 0 98422.1 98410.5 1512.05
0.25 -0.0833333 0 103654 103653 -316.713
0.25 0.0833333 0 101556 101464 4318.21
0.25 0.25 0 100600 100600 27.6923
0.25 0.416667 0 96413.8 96393.5 -1981.14
0.25 0.583333 0 98612.8 98606.5 -1111.1
0.25 0.75 0 88742 88612.6 -4790.81
0.25 0.916667 0 97196.2 96829.8 -8431.04
0.416667 -0.916667 0 86560 86477.6 -3776.19
0.416667 -0.75 0 97347.6 97345 -713.303
0.416667 -0.583333 0 97521.9 97490.4 -2477.68
0.416667 -0.416667 0 97791.6 97739.7 -3185.86
0.416667 -0.25 0 91841.7 91840.3 513.221
0.416667 -0.0833333 0 98064 98063.3 365.548
0.416667 0.0833333 0 98150.6 98145.5 997.967
0.416667 0.25 0 97982.1 97965 -1829.02
0.416667 0.416667 0 98034.3 98001.8 -2526.76
0.416667 0.583333 0 96502.3 96487.4 -1692.63
0.416667 0.75 0 97572.7 97543.7 2381.76
0.416667 0.916667 0 92034.6 91854.7 -5751.95
0.583333 -0.916667 0 86411.6 86411.5 79.2024
0.583333 -0.75 0 97278.6 97249.3 -2389.32
0.583333 -0.583333 0 94904 94896.4 1205.22
0.583333 -0.416667 0 96577.8 96486.5 -4197.25
0.583333 -0.25 0 96344 96343.9 -116.185
0.583333 -0.0833333 0 98129.3 98129.2 -125.903
0.583333 0.0833333 0 101524 101502 -2104.24
0.583333 0.25 0 95180.1 95179.2 -428.981
0.583333 0.416667 0 97690.1 97635.5 -3264.25
0.583333 0.583333 0 104415 104247 -5912.13
0.583333 0.75 0 97647.1 97632.7 1675.16
0.583333 0.916667 0 89927.8 88756.2 -14468.4
0.75 -0.916667 0 82188.8 82185.5 736.736
0.75 -0.75 0 95879.4 95850.4 -2356.27
0.75 -0.583333 0 92728 92716 1491.63
0.75 -0.416667 0 99384 99376.9 -1182.38
0.75 -0.25 0 97098.1 97098.1 -91.513
0.75 -0.0833333 0 97929.3 97925.2 887.25
0.75 0.0833333 0 99509.6 99436.2 3821.49
0.75 0.25 0 98305.9 98296.8 1340.73
0.75 0.416667 0 93481.2 93478.9 649.343
0.75 0.583333 0 95945.5 95835.9 -4584.01
0.75 0.75 0 95799 95589.8 6327.81
0.75 0.916667 0 90465.1 90441.5 -2066.7
0.916667 -0.916667 0 34569.8 33876 6891.11
0.916667 -0.75 0 70509.6 70376.9 -4324.25
0.916667 -0.583333 0 49663.5 49620.9 2057.04
0.916667 -0.416667 0 48244.9 47945.2 5368.88
0.916667 -0.25 0 62418.6 62059.3 -6687.43
0.916667 -0.0833333 0 101614 98929 23204.3
0.916667 0.0833333 0 51961.5 51893.7 2655.31
0.916667 0.25 0 50714.1 50696.3 -1345.32
0.916667 0.416667 0 56762 56622 -3983.68
0.916667 0.583333 0 36505.5 36404.9 -2708.16
0.916667 0.75 0 56771.3 56265.1 -7564.66
0.916667 0.916667 0 41686.9 37857.1 -17453.7
